5
6 7 2 4 1
0 1 1 9
0 3 4 2
1 2 2 8
1 4 10 10
2 5 3 3
4 5 5 4
3 4 11 1
0 2
3 3 3 1 2
2 0 3 3 3
2 1 4 4 4
0 1 2 2 2
0 1 2
6 5 1 5 1
2 1 893
3 0 997
3 1 46
4 0 384
5 1 616
2
3 2 7 0 2
1 0 922 228 603 752 397 194 695
2 0 573 81 725 762 610 613 183
0 1 0 1 0 2 1
5 7 7 1 4
1 0 274 665 948 990 806 39 930
2 0 561 249 150 425 452 723 421
3 0 976 981 344 738 673 219 891
4 0 105 182 651 757 851 202 224
4 1 77 796 601 611 429 442 866
4 2 340 40 645 155 537 151 992
4 3 434 808 953 285 193 245 18
3 2 4 4 0 1 1
