12
2
5 4
2 2 2 1 3
1 2 1 2
3
2 2 2
1 2
2 3
2 4
2
17 22
16 7 41 92 81 77 23 54 28 18 11 22 93 83 81 81 20
31 63 74 86 89 9 61 68 51 18 48 9 94 87 55 31 91 58 89 85 51 42
4
10 11 23 16
54 48 35 100 20 42 21 64 28 36
75 33 56 91 11 7 23 77 62 24 34
18 46 5 70 90 96 74 96 2 29 97 78 42 95 63 82 30 20 45 14 39 97 34
1 5 17 79 37 30 10 99 43 21 6 6 17 68 15 5
3
19 31 17
53 78 41 99 48 25 42 4 43 25 89 84 50 4 26 25 21 24 87
15 6 93 57 100 41 91 66 80 75 50 10 22 88 90 93 34 66 80 65 82 53 66 69 27 93 96 8 98 97 67
5 90 13 97 67 7 17 64 57 75 93 22 1 93 2 88 12
5
10 1 1 30 26
81 81 96 16 59 50 58 94 77 97
12
66
68 75 62 84 31 93 41 60 90 71 31 24 33 63 100 90 41 41 82 29 42 2 19 55 70 62 37 96 63 16
7 98 99 92 61 32 10 26 23 93 90 78 15 24 30 95 17 80 69 55 96 27 53 16 10 4
3
17 16 31
12 17 27 11 13 14 24 23 16 18 20 22 19 26 21 25 15
26 21 17 16 22 11 20 24 25 19 18 15 14 23 13 12
3 10 8 6 6 2 1 19 20 10 4 1 7 2 9 4 11 18 15 13 17 12 9 21 8 3 5 7 14 16 5
5
6 7 2 11 11
15 11 13 12 14 16
17 11 14 13 15 16 12
11 12
14 16 20 15 13 19 12 11 21 17 18
14 15 18 13 16 20 12 11 17 21 19
3
21 27 31
21 9 8 2 12 3 14 10 20 16 17 6 15 11 13 18 1 4 19 7 5
16 4 22 15 6 26 24 2 13 5 27 14 8 17 25 23 9 20 10 18 12 7 3 11 19 21 1
5 12 13 7 9 21 10 20 11 1 17 18 2 4 19 5 3 14 4 8 8 2 3 9 7 15 16 6 10 1 6
2
23 29
21 9 3 20 10 2 18 4 13 17 15 22 12 8 1 7 23 16 19 14 6 11 5
19 24 5 22 14 4 15 16 3 8 18 21 6 25 11 17 9 23 20 13 2 10 12 7 28 1 29 26 27
5
31 3 3 28 3
9 15 19 10 14 27 6 3 24 16 4 5 13 29 25 23 21 1 20 22 17 2 26 31 12 30 11 28 8 7 18
9 15 19
9 15 19
31 20 13 3 10 2 14 26 17 24 1 15 5 21 29 30 12 23 22 25 16 11 6 9 27 28 19 4
9 15 19
5
25 3 20 7 2
1 1 1 1 1 1 1 2 1 2 2 1 2 1 1 2 2 1 2 2 2 2 2 2 1
1 1 1
2 2 2 1 1 1 2 1 1 1 2 1 1 2 2 2 1 2 1 1
1 1 1 1 1 1 1
1 1
