11
2
5 4
2 2 2 1 3
1 2 1 2
2
299 259
84 26 24 100 48 84 48 64 16 64 87 53 75 68 7 76 60 31 4 87 48 72 88 72 93 40 81 45 94 88 10 14 22 97 44 63 31 51 39 36 59 59 91 69 93 86 100 68 17 87 97 91 57 72 22 84 58 29 7 86 99 9 81 42 16 30 77 88 5 62 5 72 34 89 99 51 100 31 8 60 4 20 41 62 16 5 87 32 96 90 38 47 53 65 60 56 63 95 51 44 73 24 31 98 53 55 2 42 58 3 62 64 7 63 47 68 36 71 74 3 7 68 97 26 46 60 33 37 32 37 60 31 38 78 3 57 74 32 23 81 24 19 44 70 11 33 34 84 44 86 17 34 66 89 46 23 13 53 20 81 84 19 28 81 65 81 35 13 30 80 28 35 42 42 41 93 16 1 95 88 99 44 96 93 23 75 84 67 52 29 35 23 7 59 29 82 5 91 70 93 90 90 58 2 75 18 30 67 53 42 94 62 35 26 87 48 79 36 20 54 82 18 80 93 81 83 1 63 87 5 28 27 53 43 48 78 1 6 13 13 7 98 86 9 51 32 32 36 65 59 37 20 33 13 56 72 39 8 18 38 61 79 39 81 63 44 38 50 71 43 70 47 25 54 70 8 43 43 88 94 38 90 80 27 47 13 82 67 89 80 67 74 57 11 59 1 15 78 5
10 10 89 18 3 85 13 85 68 84 96 58 80 4 77 52 72 11 75 94 7 33 57 83 25 18 25 62 76 40 37 40 36 42 9 51 98 42 75 17 70 76 68 52 49 65 90 15 10 75 92 52 45 72 19 27 20 59 32 24 70 96 30 71 42 86 59 27 22 3 48 39 18 37 33 78 15 100 48 60 47 84 83 56 49 73 86 41 74 97 47 23 24 72 68 96 86 25 19 26 19 71 86 90 26 87 32 43 73 9 10 84 30 36 59 68 1 34 44 49 22 59 96 40 55 12 28 67 12 89 91 10 95 38 78 76 30 68 66 81 27 76 97 68 54 12 50 36 72 68 57 19 65 64 18 89 66 13 94 15 34 73 60 56 65 46 32 18 7 72 76 55 74 36 27 39 88 5 51 25 77 36 34 41 55 78 36 85 12 28 10 12 78 73 19 19 42 75 82 75 60 15 40 20 53 57 21 26 79 4 81 90 95 39 56 59 64 98 69 30 87 49 61 73 1 78 67 50 53 47 20 53 4 51 65 45 57 96 90 14 80 63 6 36 24 8 54 93 33 88 70 14 86 61 93 72 74 35 81
2
331 282
8 21 17 50 70 54 43 65 31 47 76 41 19 90 72 37 38 53 60 23 1 21 79 15 46 20 21 18 41 17 3 12 17 50 6 3 45 41 71 6 41 40 3 97 22 10 48 17 63 35 13 6 73 28 79 47 94 31 25 27 82 63 35 10 69 97 60 1 4 10 18 4 6 66 91 21 98 48 81 92 95 4 31 61 95 9 30 85 12 39 34 69 93 18 74 74 84 56 93 37 42 23 78 49 27 17 73 61 72 39 49 16 72 3 47 76 68 10 24 85 65 88 88 45 90 74 34 38 8 40 96 11 57 12 9 65 25 5 16 65 59 2 23 97 23 57 42 79 61 79 54 19 18 8 83 12 3 97 20 90 9 47 23 83 62 65 77 88 35 61 45 12 84 60 82 21 54 47 73 8 35 49 8 56 74 43 65 61 22 36 100 34 44 9 22 17 94 73 88 99 62 94 54 42 95 91 95 49 78 41 100 93 30 94 19 10 73 30 52 64 5 75 28 44 35 75 75 29 11 30 42 8 16 77 71 98 98 88 38 17 32 47 53 55 36 86 29 47 89 81 30 25 81 2 14 54 54 17 6 21 77 47 98 79 98 4 19 2 44 34 6 55 10 32 25 81 42 27 5 43 63 68 92 81 25 14 76 79 51 84 56 28 17 2 65 90 91 47 67 93 82 61 42 52 18 19 69 100 55 41 36 46 81 46 96 16 32 53 42 86 83 94 62 4 58 55 49 28 71 92 11
67 38 52 90 97 65 20 93 19 39 83 32 28 95 95 32 40 29 14 26 99 8 23 20 8 53 75 84 64 82 1 29 97 7 27 49 27 55 5 24 96 15 91 18 100 68 65 15 6 76 18 19 83 88 5 97 54 39 11 39 99 29 14 15 13 36 92 8 20 94 100 98 25 36 96 49 71 32 3 35 75 79 57 47 54 45 54 84 21 60 94 85 18 97 85 17 27 21 6 98 41 88 12 2 87 80 100 69 53 77 10 55 45 15 61 33 51 38 32 36 61 99 94 87 84 29 98 27 13 51 74 35 65 29 97 46 48 54 88 99 53 45 62 7 43 85 78 6 86 39 99 37 22 55 89 44 87 72 37 31 51 40 38 66 88 59 15 22 38 62 14 9 33 29 3 54 93 54 74 83 84 92 45 69 13 88 38 48 90 29 19 83 60 9 3 36 1 84 19 28 39 52 44 63 66 44 10 98 70 9 45 76 100 7 1 48 43 90 83 34 42 59 89 21 40 9 65 3 94 53 58 9 24 47 86 54 29 99 67 53 21 30 90 14 54 62 36 77 91 86 74 21 6 44 32 20 88 22 83 94 12 92 40 22 19 4 50 39 86 84 6 41 39 18 26 27 70 35 12 23 45 57
2
849 607
68 61 18 76 40 54 60 63 45 6 79 86 50 58 27 90 69 23 82 99 35 100 49 18 72 34 74 59 11 53 86 48 54 87 45 50 59 83 21 10 77 56 31 90 89 55 99 84 75 30 2 68 74 36 48 57 25 70 57 39 11 56 32 73 18 40 20 41 58 11 6 49 21 51 17 11 54 93 87 52 40 7 28 32 95 12 95 48 44 27 97 19 58 52 20 23 99 80 74 91 10 71 76 23 46 98 33 77 17 67 27 51 38 88 75 51 69 43 81 26 55 59 39 5 17 65 22 76 51 96 85 73 38 5 56 75 93 21 16 99 74 49 74 15 55 67 61 17 14 63 89 14 1 9 79 40 46 100 62 27 71 1 29 70 18 4 52 33 98 11 81 39 81 45 67 33 23 46 81 35 23 42 10 32 58 55 60 30 3 3 34 20 57 27 77 61 67 74 53 43 31 7 80 51 10 93 59 63 44 13 100 17 37 100 13 50 48 25 93 42 2 48 1 71 87 91 5 68 31 48 31 31 14 63 9 97 5 97 20 9 75 54 77 51 64 9 68 52 97 1 7 68 93 43 72 57 40 47 61 3 31 74 26 48 26 36 66 75 96 48 21 34 6 24 59 62 25 19 10 18 51 26 89 57 35 44 4 74 76 37 73 28 22 23 20 61 65 73 11 77 48 38 51 44 21 40 65 72 92 20 90 81 72 98 14 78 90 13 60 95 30 86 91 44 15 22 83 43 32 45 93 26 2 95 32 39 98 29 9 89 25 23 94 23 91 34 31 22 55 57 40 51 30 84 94 76 82 8 26 21 16 97 91 92 56 12 43 6 91 27 29 95 21 93 32 67 11 90 40 35 66 60 26 13 58 3 88 35 17 33 12 32 55 41 34 30 49 78 44 77 49 13 18 85 48 39 52 85 38 37 37 2 55 48 50 46 48 72 19 99 12 87 18 80 27 8 55 84 85 88 98 6 38 11 76 46 75 80 100 68 88 55 9 90 10 9 84 29 67 3 22 72 4 52 94 22 71 75 62 77 70 2 20 54 97 22 59 13 85 45 53 67 14 73 80 86 29 24 17 90 44 39 53 70 32 34 77 78 30 8 93 73 60 41 96 44 22 11 36 61 37 95 65 46 67 61 62 50 53 50 84 20 79 30 85 8 49 45 72 21 27 14 57 58 1 18 20 96 46 57 29 66 82 68 1 44 49 5 79 32 30 63 59 50 86 52 35 7 56 37 54 35 1 4 16 10 86 59 24 72 64 7 76 23 100 15 29 25 87 82 58 15 43 71 6 93 85 94 70 62 98 27 31 13 19 80 10 75 40 88 76 69 85 5 27 37 43 68 88 75 93 70 36 51 75 82 37 36 62 23 89 1 65 49 20 58 48 97 89 59 88 89 17 83 84 100 76 40 21 66 22 76 58 83 36 31 91 67 38 57 44 65 52 29 98 89 76 28 20 74 83 66 22 73 53 38 59 45 65 76 99 12 58 95 66 58 86 4 80 63 59 32 62 13 53 26 94 81 48 76 39 53 17 86 77 77 9 82 2 57 49 6 43 89 63 32 82 36 90 41 8 98 8 26 78 12 55 86 59 35 76 83 58 63 33 41 100 98 1 20 23 80 21 17 77 17 98 46 90 82 21 79 42 23 5 71 57 31 84 20 45 9 36 89 51 16 24 65 28 89 7 87 63 83 36 7 18 63 3 12 79 88 86 84 56 88 70 56 43 3 9 25 47 13 98 58 75 90 23 89 96 27 13 81 89 80 41 61 12 24 42 75 9 93 3 97 24 82 82 96 48 70 30 84 11 89 60 7 95 32 7 26 3 29 71 99 64 86 83 72 39 26 16 55 21 74 33 58 55 63 16 26 69 22 68 97 39 97 62 95 53 76 69 20 52 59 47 66 91
80 82 15 71 63 94 1 18 98 38 71 60 40 44 57 99 54 80 31 72 61 75 88 8 97 62 26 47 10 24 84 72 87 17 11 38 50 72 30 74 59 29 79 8 60 19 5 48 52 62 38 93 79 16 1 97 42 11 18 71 18 38 68 36 66 95 80 63 63 31 65 65 59 50 76 21 72 98 4 26 99 9 82 59 7 63 1 85 31 93 90 14 41 16 76 10 8 12 86 25 33 45 56 42 95 35 48 87 25 18 84 32 90 83 38 34 11 88 45 35 18 23 88 14 56 63 53 51 40 20 83 90 57 26 92 21 18 63 84 58 11 98 16 35 99 80 76 8 86 41 2 79 94 5 46 91 34 31 78 45 100 86 86 71 20 69 58 49 57 31 20 92 37 11 98 52 68 34 15 34 84 28 92 31 90 18 45 13 15 53 37 54 22 32 33 90 9 42 86 58 26 100 11 14 2 44 86 29 29 80 8 2 67 9 53 15 61 86 46 28 63 71 6 24 38 51 28 66 26 91 36 23 8 13 22 89 42 45 96 97 77 25 33 51 26 35 22 25 75 61 45 48 62 69 3 85 47 35 96 76 36 3 44 44 38 10 58 26 77 53 30 83 45 9 28 6 43 91 95 66 16 24 21 38 64 3 49 43 67 83 40 61 28 46 64 6 52 51 19 25 83 35 20 29 53 40 36 33 22 51 60 9 60 31 98 94 14 70 35 12 88 91 79 64 98 56 68 66 86 86 31 21 55 59 36 87 85 69 54 70 20 81 13 91 63 28 20 60 47 70 10 88 43 44 74 61 45 30 47 4 26 83 13 9 85 38 53 59 72 32 78 1 85 31 63 31 75 38 61 33 84 78 21 76 95 24 20 94 97 13 78 94 27 79 30 79 51 48 13 66 71 30 5 10 26 100 75 90 75 14 39 95 86 100 82 72 77 92 43 4 32 2 28 59 28 25 10 36 52 60 95 8 26 8 94 64 66 82 1 91 34 63 41 75 31 28 25 73 46 16 36 57 38 60 85 65 81 31 87 95 53 3 9 76 87 73 51 55 12 60 100 21 62 86 66 36 24 74 93 88 41 75 82 38 76 39 21 1 73 76 5 7 32 21 74 19 59 56 35 86 44 52 67 41 19 96 76 55 50 62 30 8 55 90 10 99 38 100 77 28 22 89 98 81 59 55 79 83 84 29 83 96 58 1 19 66 43 92 65 70 16 53 72 92 91 27 51 98 10 8 19 74 33 71 83 81 4 69 80 71 87 82 62 87 55 11 29 94 34 48 88 69 80 48 51 8 20 16 54 53 8 64 11 39 3 48 15 95 37 83 45 33 84 28 52 64 100 71 6 46 96 86 37 13 27 76 19
2
795 494
52 63 27 54 63 96 29 18 51 60 49 92 21 51 48 20 46 46 38 78 99 97 22 38 95 9 9 7 96 51 44 10 89 100 69 92 57 32 18 31 15 37 5 5 90 85 82 36 46 55 79 31 52 55 85 35 1 41 89 18 63 14 28 63 11 46 59 39 76 85 28 77 76 60 60 57 74 70 28 66 72 47 90 32 56 57 61 19 67 12 54 46 70 86 99 23 92 48 51 5 86 23 28 31 24 29 29 54 36 76 94 94 38 69 74 73 40 20 76 66 36 67 7 79 90 98 12 70 79 15 62 19 22 3 29 85 59 80 98 16 85 90 65 34 18 44 38 27 68 64 26 18 50 72 67 65 90 76 45 75 67 35 17 38 72 76 31 55 8 60 45 77 87 6 97 18 97 99 23 30 15 92 76 97 81 36 78 36 33 43 71 32 57 57 80 48 43 56 47 74 11 18 4 42 85 60 64 94 83 30 23 54 23 60 8 40 73 26 15 75 20 91 62 89 54 49 26 6 96 22 9 94 54 59 92 74 26 29 66 69 23 25 51 6 81 66 16 58 60 9 43 80 46 73 24 100 67 56 2 36 1 44 18 25 31 15 29 51 14 57 95 73 96 11 67 25 94 50 73 78 14 11 82 82 44 3 3 81 70 38 68 81 1 75 98 87 89 44 61 12 80 66 41 5 18 41 93 48 87 19 26 24 29 80 37 33 69 45 88 70 84 43 40 46 99 95 57 50 8 86 61 42 17 48 71 27 27 52 50 1 7 38 71 39 2 25 20 77 23 99 29 19 2 50 52 79 67 55 6 93 25 24 18 59 66 32 26 2 60 72 12 25 76 72 14 99 72 72 33 97 45 64 99 84 18 14 21 12 89 55 48 37 50 44 73 42 87 85 87 75 18 43 85 36 58 22 83 34 37 82 9 1 43 45 12 40 77 89 93 80 8 37 45 3 79 28 78 68 27 35 45 20 2 43 23 26 79 75 42 3 77 27 11 76 91 26 55 89 52 35 16 3 90 82 19 65 20 75 38 70 54 9 57 66 5 4 27 73 98 45 86 72 28 45 85 49 51 73 15 46 53 57 70 28 48 47 11 79 96 56 42 37 46 38 28 95 37 22 66 1 36 57 82 31 6 97 2 42 52 99 36 25 29 38 15 90 52 74 28 67 92 24 96 29 72 95 47 94 40 44 93 61 6 15 54 34 6 82 33 91 37 19 43 83 91 57 26 53 27 37 1 2 94 77 25 62 5 83 62 73 43 44 82 32 8 12 92 28 7 57 13 43 78 24 43 94 87 87 4 98 57 16 99 13 99 4 8 48 61 59 82 11 73 33 96 63 70 14 92 29 21 43 79 33 48 61 25 12 41 72 68 22 66 84 71 19 5 99 71 28 75 59 64 36 67 39 39 33 74 87 30 8 26 76 36 2 85 44 7 75 51 85 84 83 89 39 81 50 66 22 63 8 87 18 57 85 83 86 43 8 99 31 87 41 45 55 55 78 59 17 54 10 86 18 37 60 35 90 80 34 43 74 52 64 34 57 60 90 36 81 22 30 24 93 10 29 47 72 67 13 40 73 15 13 83 1 8 19 84 35 43 55 90 5 20 41 65 14 44 57 7 34 7 92 2 16 62 24 58 35 100 57 36 19 49 78 72 71 52 94 40 55 96 79 48 80 78 30 40 76 38 36 54 8 27 99 25 81 1 31 52 32 95 96 30 14 93 80 52 6 1 69 69 47 34 28 38 42 62 42 34 23 67 94 19 78 65 24 14 84 15 12 10 82 38
1 29 52 48 15 85 70 28 32 26 3 61 28 67 84 33 29 37 48 5 39 32 12 84 70 49 8 73 38 89 65 24 76 60 36 80 33 15 5 62 28 16 5 78 28 86 90 82 23 95 63 85 91 32 38 90 30 10 4 56 31 95 2 40 72 61 84 65 88 97 87 61 40 54 23 26 52 44 39 9 99 34 48 35 56 79 94 61 94 37 48 34 97 13 23 77 24 7 37 47 46 24 35 29 18 51 23 20 93 89 38 53 10 2 52 95 8 46 80 2 59 27 76 83 89 79 9 66 56 31 21 48 43 41 96 24 86 15 69 45 40 48 14 23 42 20 85 70 63 70 17 2 8 89 49 98 33 39 65 85 43 49 36 24 91 91 44 14 88 47 75 42 9 75 11 94 17 35 1 22 65 10 12 7 2 52 23 76 68 51 93 97 31 78 70 19 79 4 68 91 66 70 66 42 12 38 32 82 88 97 34 90 91 3 55 10 8 45 71 18 33 49 55 13 18 2 33 99 19 76 65 87 81 7 33 84 65 86 4 84 40 79 59 36 53 3 94 88 65 65 74 44 25 65 99 87 80 17 32 29 57 91 63 59 43 18 27 99 91 66 69 23 3 3 2 21 99 58 23 10 2 2 14 34 16 23 63 13 14 78 29 63 29 70 1 28 87 30 64 22 11 43 46 4 53 43 36 76 89 41 31 78 76 52 62 35 73 58 86 31 7 87 59 81 75 78 37 87 62 41 17 10 24 33 34 63 96 57 67 2 70 54 78 35 65 52 79 44 83 87 53 51 71 52 98 94 50 69 11 91 62 3 2 85 79 62 41 25 49 91 64 5 21 9 87 85 93 44 32 7 26 35 39 34 73 86 38 82 30 27 80 9 8 100 48 41 78 90 38 81 13 89 42 39 2 7 40 12 67 100 29 76 59 62 78 49 83 16 69 53 20 23 95 64 50 51 85 64 23 94 85 79 71 68 33 98 72 17 81 43 7 89 23 43 10 53 54 83 96 89 67 41 94 23 32 57 37 57 12 25 3 43 25 82 26 20 72 20 84 53 15 71 100 31 56 55 96 99 7 39 81 42 51 57 2 4 90 40 45 56 76 90 9 64
2
652 578
18 8 5 7 3 5 4 8 8 6 1 2 9 6 9 9 9 1 10 4 3 6 6 5 7 8 1 5 10 10 1 14 10 1 6 15 8 9 8 6 10 3 6 4 2 4 6 6 6 4 4 10 2 3 7 2 4 4 5 1 10 8 6 7 8 2 4 9 9 5 3 5 6 2 2 4 9 1 9 3 7 1 2 9 9 4 4 3 3 4 2 6 6 8 2 6 5 9 5 3 5 1 8 5 3 7 8 10 7 5 4 4 8 2 2 6 2 10 2 7 6 2 6 9 9 2 9 8 9 2 8 3 3 5 9 3 3 5 9 9 9 5 6 7 5 5 6 7 5 10 10 6 6 5 7 3 3 6 1 8 9 2 4 5 22 7 6 4 6 2 4 6 5 10 3 7 2 4 2 7 4 6 7 8 3 10 8 7 7 9 10 4 3 4 6 6 10 5 9 3 10 2 8 10 10 6 4 2 6 7 5 9 5 3 9 9 7 9 2 6 4 2 8 6 8 2 1 4 2 5 2 6 7 10 7 10 3 7 10 7 6 7 2 7 8 1 6 6 2 3 6 1 7 6 10 7 10 9 1 7 3 4 17 2 1 5 3 2 7 6 7 1 3 4 4 1 3 9 10 9 8 10 7 10 7 8 3 4 10 4 8 5 2 4 9 7 4 10 5 7 9 1 6 6 4 6 3 7 4 2 1 10 9 5 1 4 9 5 3 2 6 1 1 3 6 7 6 3 3 5 4 1 5 7 3 5 8 3 8 7 9 7 8 3 1 6 9 2 4 8 12 9 8 5 10 1 2 11 9 6 2 5 3 1 5 4 8 8 3 5 7 20 3 9 8 5 1 13 6 1 8 3 8 1 5 2 6 5 9 5 4 10 7 16 1 6 2 1 9 8 5 1 3 4 8 8 8 10 7 5 1 1 7 9 7 10 4 6 8 3 5 10 9 10 9 3 10 10 1 1 10 10 3 1 1 3 10 1 8 9 10 9 3 8 2 8 4 8 5 6 7 3 1 2 10 3 8 9 1 4 6 10 6 7 7 7 3 5 9 10 6 5 9 10 3 9 4 5 9 10 10 4 8 1 9 5 8 4 5 1 5 6 2 8 3 5 7 4 4 2 1 10 8 8 10 10 2 7 2 5 2 3 5 7 7 3 5 9 1 2 1 1 5 5 4 1 1 7 4 5 10 3 10 4 4 10 9 6 8 3 6 6 2 7 4 9 9 4 10 9 7 2 5 8 9 5 9 10 8 3 3 7 8 7 4 2 7 2 10 3 1 8 4 10 19 3 1 4 4 5 2 9 2 10 7 8 8 7 2 8 10 1 4 7 1 10 3 3 1 10 3 8 9 1 7 3 1 8 2 6 3 10 6 1 9 8 2 5 6 8 8 4 7 2 9 4 1 4 10 8 2 1 10 21 2 1 1 1 4 2 2 5 7 4 1 6 9 1 2 5 2 8
8 1 2 5 2 7 4 9 1 1 10 4 10 4 10 7 9 7 2 6 26 4 1 4 20 8 7 6 24 3 1 10 4 5 6 4 1 8 2 6 6 6 4 10 2 4 4 1 9 5 4 5 5 8 3 4 1 5 11 3 2 4 8 6 1 8 7 8 5 5 21 6 6 2 4 3 10 4 8 5 7 2 1 7 2 8 9 2 9 16 2 6 3 8 8 1 5 9 5 3 3 3 1 8 2 2 10 9 2 6 9 3 7 12 27 5 10 10 1 10 7 9 5 7 9 7 10 7 6 6 8 6 4 1 8 9 9 10 9 7 3 8 5 5 4 9 10 9 2 10 10 8 7 6 4 1 8 9 2 4 6 6 1 5 2 10 5 7 2 6 3 5 8 10 6 6 5 10 7 1 6 10 7 2 3 5 7 1 4 3 6 1 3 7 3 2 7 6 22 8 4 6 6 5 4 9 5 8 6 23 2 14 6 10 7 8 8 7 4 3 7 1 10 7 2 9 7 3 9 6 8 4 9 5 2 7 7 3 5 3 3 2 5 10 7 9 2 2 8 6 2 10 1 3 1 4 6 3 9 4 8 9 6 8 9 10 5 7 10 2 4 8 3 5 28 3 5 3 1 9 1 2 3 3 3 5 7 4 7 1 10 6 10 6 1 8 1 9 8 1 9 4 10 8 2 6 1 7 8 3 8 4 4 6 9 10 1 7 8 3 3 3 6 7 7 10 7 25 5 2 9 7 4 5 3 10 8 9 9 4 4 8 5 9 1 4 6 9 8 10 3 2 2 9 10 9 9 3 6 9 7 5 1 4 9 3 10 4 1 4 9 1 6 7 8 4 9 10 1 2 4 10 8 6 5 6 5 8 3 1 2 1 10 7 7 2 1 6 9 3 4 6 3 3 9 7 1 7 7 3 2 3 3 5 1 10 3 2 5 1 3 2 4 5 10 7 10 1 10 2 5 9 13 10 3 7 10 7 1 5 4 2 8 15 10 10 17 10 2 2 4 10 8 5 9 7 5 2 5 2 2 10 4 4 1 8 2 5 8 3 8 9 6 7 8 8 5 5 2 6 7 4 7 8 1 5 10 3 9 6 8 8 7 8 10 4 7 10 6 3 6 9 6 3 1 6 4 1 1 6 2 10 8 9 3 8 4 1 1 9 3 6 2 1 4 8 4 6 4 9 10 5 5 2 8 9 5 7 4 5 2 2 7 3 6 18 3 7 19 1 2 5 1 8 9 10 2 1 2 4 10 5 9 5 10 4 9 1 3 5 3 6 1 5 9 6 8 9
2
532 629
3 3 3 1 1 7 6 2 9 9 6 3 5 1 2 1 22 1 3 1 3 6 7 2 9 4 2 10 2 8 2 2 7 1 6 8 4 2 5 8 3 15 6 6 10 6 3 8 8 4 7 9 9 9 3 5 9 5 8 4 8 2 2 5 7 8 4 2 2 1 10 9 4 2 5 5 10 1 3 7 1 4 2 2 3 10 6 5 4 3 10 2 3 8 8 3 10 5 9 10 4 10 9 5 13 5 4 8 8 10 10 3 3 3 5 10 1 3 6 7 1 7 9 7 10 10 8 5 6 4 10 3 7 4 8 7 5 12 9 4 8 7 2 5 2 5 1 10 9 10 7 14 8 9 2 3 6 3 8 10 5 2 19 9 1 3 9 7 2 6 1 10 9 7 7 8 10 7 4 2 4 10 7 1 8 5 9 3 5 6 9 9 5 6 1 5 1 4 10 1 10 8 7 3 2 7 4 8 8 8 2 9 7 10 5 9 5 1 3 9 7 6 10 6 3 4 7 4 18 8 8 6 9 4 2 4 3 10 4 3 6 8 5 10 3 3 6 10 1 1 10 8 9 4 7 2 6 5 3 4 7 1 5 1 3 5 10 5 9 9 6 1 6 9 10 5 3 9 9 4 5 17 6 2 2 9 6 6 10 1 7 9 7 7 10 10 8 10 1 6 7 8 9 8 9 3 2 6 9 2 7 4 2 10 1 6 7 8 9 21 6 3 6 2 5 8 2 2 4 4 1 5 2 2 10 16 6 1 8 10 5 3 4 1 8 5 8 8 10 3 4 5 5 6 7 4 4 4 8 4 6 8 6 9 6 1 10 9 8 3 9 3 6 8 8 6 6 4 1 8 1 10 1 1 1 10 1 8 7 1 2 7 7 9 5 2 9 6 4 3 2 7 7 10 2 2 6 2 2 11 1 7 3 6 4 7 6 7 2 1 9 2 4 4 8 3 7 3 5 9 3 8 5 5 4 8 1 6 4 6 4 4 7 10 4 5 1 5 1 4 6 5 9 5 1 8 3 9 8 10 3 4 5 6 4 8 10 7 10 3 7 3 7 10 6 1 3 1 9 4 5 3 7 9 5 10 7 9 8 4 9 7 1 9 2 7 10 4 8 20 1 3 8 6 4 9 7 6 3 5 5 2 10 1 2 1 7 5 7 2 2 6 10 2 6 6 9 1 2 5 5 4
3 5 8 10 8 8 9 6 17 9 4 7 1 2 3 10 4 7 4 9 7 10 3 3 3 2 4 1 10 1 9 8 13 8 10 4 3 4 8 4 8 5 7 8 8 5 4 9 9 3 5 10 16 10 8 6 1 3 4 7 9 6 3 10 5 6 3 2 10 5 4 9 4 7 7 5 9 3 26 9 1 4 1 9 1 1 6 1 8 7 3 5 8 2 7 10 3 4 9 7 9 1 2 6 7 9 9 6 8 8 5 4 11 6 10 9 9 2 5 2 7 3 5 2 1 7 5 8 6 5 4 10 1 3 1 4 8 3 1 4 6 1 6 21 7 3 7 6 3 2 9 10 6 4 1 4 1 7 10 5 12 8 10 10 7 2 3 2 1 6 6 9 6 4 3 8 6 5 3 5 5 5 9 10 2 2 10 8 22 10 4 4 5 8 4 7 7 10 4 4 6 8 29 1 8 5 2 9 2 2 7 7 2 3 10 9 5 9 6 1 10 2 8 8 7 4 10 3 1 3 9 3 7 6 4 8 6 3 5 2 8 7 4 10 9 5 2 4 3 5 15 3 7 4 8 2 10 8 3 8 1 7 3 7 4 9 10 2 10 8 6 10 8 4 5 2 28 8 10 6 5 7 6 9 10 2 10 5 7 6 8 8 6 5 6 3 9 9 4 5 3 1 3 1 7 1 2 7 5 10 10 2 2 3 10 8 3 10 6 9 9 10 6 2 7 9 2 7 9 7 4 5 8 6 2 3 2 10 6 9 1 5 9 5 1 8 5 1 6 8 7 4 10 10 2 2 5 9 4 5 6 10 6 1 7 1 10 4 7 4 2 2 8 3 7 2 9 2 24 5 5 5 6 6 4 1 3 9 2 2 10 7 2 3 9 27 5 2 7 5 2 7 6 3 20 10 7 25 1 10 4 10 2 8 10 8 6 4 5 9 10 3 10 9 2 4 7 7 9 1 1 1 6 5 1 4 8 7 6 6 9 7 3 2 2 1 8 3 7 8 7 10 9 3 1 3 1 1 9 10 6 6 4 4 5 1 2 1 4 1 4 4 10 23 9 2 6 1 10 3 4 1 7 4 8 9 1 1 2 1 2 6 4 4 5 10 4 1 3 6 7 7 3 3 7 6 9 9 3 1 1 5 3 1 7 7 1 3 9 14 7 2 5 6 19 10 3 6 8 9 9 8 9 6 1 6 2 2 2 9 9 3 9 1 1 7 3 8 5 5 10 8 1 7 6 6 1 8 3 2 8 9 8 1 6 4 6 5 2 8 6 5 6 8 6 2 5 7 4 5 3 6 9 8 7 10 4 10 7 8 3 1 5 7 1 3 4 8 9 10 8 5 10 8 5 4 5 10 8 5 4 2 6 2 2 4 10 3 9 6 18 9 5 2 4 8 5 5 3
2
548 837
4 4 8 10 9 10 8 9 1 1 10 6 6 3 5 5 14 5 1 7 8 6 5 2 7 3 9 4 3 9 6 4 10 3 10 6 10 16 2 4 4 1 10 28 1 2 6 10 4 4 9 5 4 2 1 6 2 2 7 21 3 2 6 6 8 9 9 8 8 1 10 10 6 3 7 8 1 5 9 6 10 2 2 9 5 8 10 6 7 3 8 19 4 10 5 9 5 9 10 22 4 1 9 6 8 4 1 7 7 5 1 5 8 6 7 6 3 5 8 6 6 9 1 1 1 3 4 7 8 10 4 1 7 9 2 2 8 8 6 2 9 3 2 10 6 1 5 3 5 10 7 3 9 8 6 4 1 10 7 3 9 2 6 6 9 8 1 7 2 8 8 7 2 8 3 2 5 3 4 1 2 8 8 5 9 4 2 10 10 2 5 7 6 3 1 7 4 8 6 5 5 1 1 4 6 1 1 9 6 9 7 4 7 10 9 4 6 3 3 9 27 8 6 9 5 2 10 3 10 9 1 3 7 4 12 6 2 8 8 9 5 5 3 2 8 6 2 8 10 9 5 7 5 15 9 5 18 1 3 2 3 10 3 4 2 6 9 4 3 5 3 2 4 8 10 6 8 2 7 10 25 1 7 5 3 7 6 5 7 1 5 2 1 6 3 10 1 7 8 10 7 24 5 5 5 10 1 10 4 4 4 8 4 7 9 2 2 2 2 9 6 6 3 5 9 3 4 6 6 10 5 5 2 4 3 7 23 4 1 8 6 1 10 1 8 9 7 3 3 10 4 8 5 3 1 9 2 2 6 6 1 7 5 3 3 10 9 10 7 4 6 4 4 8 4 2 26 3 8 5 8 2 8 2 3 6 7 8 7 1 6 5 8 9 10 7 9 4 6 10 10 4 10 10 2 2 6 1 9 5 5 1 2 4 9 1 3 7 7 5 7 6 4 9 4 3 10 9 9 10 2 5 5 1 3 4 1 17 2 3 13 7 4 10 3 8 5 3 7 10 10 9 4 7 7 8 7 10 1 1 7 6 1 10 3 8 5 9 8 3 2 4 2 6 1 8 9 3 5 2 8 4 1 7 3 7 10 20 6 9 4 7 2 3 8 1 9 9 5 8 8 1 7 3 10 9 3 7 1 1 9 3 4 7 10 9 5 4 7 2 7 5 2 2 6 8 7 2 6 6 9 10 4 7 11 5 1 3 2 10 5 5 4 1 8 8 4 9
10 9 1 10 5 10 9 3 3 8 5 4 8 4 2 2 8 7 3 4 9 3 2 5 3 8 7 8 9 4 6 5 2 9 1 4 7 3 7 8 2 2 3 1 18 9 2 4 2 1 9 8 4 5 4 11 3 6 3 3 5 4 1 1 3 6 7 8 2 1 3 7 2 6 7 1 9 14 5 1 10 1 5 1 3 3 8 7 10 8 6 10 6 7 4 8 4 7 4 5 10 9 4 1 9 3 2 2 2 7 4 7 2 9 7 10 9 1 1 2 10 8 3 4 9 4 6 1 8 5 10 2 8 7 4 2 4 2 9 6 7 26 3 7 6 3 2 3 3 6 8 6 5 3 10 6 7 10 1 2 5 9 4 1 5 2 5 9 8 5 6 1 9 4 4 1 3 3 10 10 1 8 6 10 8 10 3 8 2 8 5 9 3 2 1 8 17 4 5 8 6 21 10 4 3 8 1 10 2 6 9 9 6 9 1 6 2 12 4 6 6 7 8 9 7 10 6 3 10 8 5 9 8 1 3 6 4 10 5 9 3 7 10 9 5 5 3 9 6 10 1 8 8 2 8 2 3 9 3 6 8 3 6 2 4 10 10 10 9 6 2 1 7 6 4 6 8 6 4 4 2 6 9 8 3 9 7 6 6 3 3 9 10 6 6 2 7 4 6 3 4 5 4 4 8 9 1 7 1 6 5 5 2 4 1 8 6 4 6 1 4 4 2 3 10 7 7 7 8 1 1 6 10 2 5 2 9 6 6 6 5 2 3 4 7 8 1 7 7 3 3 3 27 8 7 5 7 10 8 3 1 5 7 3 1 3 9 7 2 2 7 2 5 5 3 10 9 4 4 5 10 2 9 7 2 5 8 8 6 8 10 4 2 4 8 1 7 10 3 6 4 7 3 9 3 4 1 20 9 4 8 5 1 7 6 8 6 13 9 1 10 3 8 8 9 1 5 5 3 6 7 10 7 1 8 10 8 5 8 10 8 4 3 4 9 2 4 16 1 2 6 6 2 2 9 7 3 5 10 4 1 8 1 7 5 10 7 5 6 10 1 8 3 2 1 1 8 4 8 10 1 7 5 10 10 9 6 5 3 4 4 23 5 4 5 4 9 4 1 2 4 10 4 5 10 9 3 4 3 2 22 3 10 7 1 9 5 9 9 2 6 6 4 4 9 7 10 5 2 3 9 15 3 2 6 2 4 3 3 8 1 6 3 1 6 10 10 5 8 2 8 5 2 4 6 8 1 9 5 2 1 19 4 2 2 1 8 9 2 1 9 9 5 6 7 4 6 3 9 9 5 5 4 2 10 10 2 1 9 2 6 4 8 10 1 9 10 5 7 6 10 1 5 10 6 2 7 1 3 9 5 1 7 1 1 9 10 10 7 7 7 7 2 3 8 8 9 5 8 4 10 4 7 8 10 8 8 4 3 10 6 6 4 7 2 10 7 1 9 9 3 1 25 10 8 10 8 6 1 7 3 10 1 3 9 4 7 7 2 10 5 6 8 9 6 4 8 5 7 10 10 3 7 3 5 6 5 9 5 1 7 1 2 7 8 4 2 1 8 2 7 8 7 8 1 7 6 9 24 7 5 7 9 3 7 3 5 8 3 6 1 2 1 3 5 9 1 5 5 5 5 1 3 2 4 5 2 2 2 2 6 5 5 10 7 9 4 9 6 6 8 4 7 10 5 4 8 6 9 3 6 7 8 10 9 4 1 6 3 9 3 10 7 9 4 8 5 9 4 10 5 10 6 3 2 5 8 7 2 5 6 6 10 5 6 5 2 8 9 10 8 9 10 10 9 6 1 7 5 7 4 2 3 7 1 4 9 6 7 10 7 1 9 10 9 2 2 10 5 1 1 7 2 5 10 1 5
2
907 524
10 2 2 1 1 9 9 10 8 7 4 8 8 10 3 5 5 7 6 5 5 9 9 3 6 10 1 4 8 4 7 10 4 8 1 10 10 9 6 9 6 7 8 4 2 4 3 9 7 3 3 10 4 2 6 27 4 1 1 1 3 2 7 3 8 8 3 5 7 9 2 1 5 9 7 10 10 4 5 5 2 1 3 2 2 10 5 5 4 3 9 1 3 9 8 4 5 2 5 8 9 10 6 1 5 4 8 8 1 7 8 7 10 4 7 1 7 5 5 6 9 1 2 9 3 15 6 2 7 5 3 7 8 10 3 4 3 8 2 4 8 2 1 5 8 5 7 7 4 1 4 26 6 6 4 3 6 4 8 7 8 2 6 5 10 3 8 6 4 4 7 8 3 10 2 2 1 3 5 3 7 4 6 6 8 7 6 9 2 7 4 10 6 4 3 7 6 3 10 1 7 7 3 9 1 2 2 10 7 3 2 7 6 8 4 1 1 17 8 16 3 4 9 7 8 7 2 1 3 4 8 2 6 1 5 6 5 3 1 6 6 3 3 2 7 1 9 7 8 5 5 2 4 4 8 5 2 10 6 5 6 4 3 3 2 8 8 8 7 11 8 6 8 2 5 3 5 2 2 2 3 3 1 9 6 2 13 1 5 20 7 4 4 7 1 6 7 14 10 2 8 10 9 4 7 5 6 3 6 5 1 6 6 1 9 1 6 7 2 5 3 9 4 2 10 6 7 12 1 1 9 9 4 4 6 2 2 6 3 5 10 2 1 10 4 4 5 9 8 10 8 4 21 3 3 2 7 1 3 2 8 5 8 3 7 9 1 6 1 8 5 1 4 2 6 9 9 5 4 10 7 1 2 1 9 5 6 6 10 3 5 6 10 9 6 6 2 5 5 4 10 10 4 1 9 8 5 7 2 10 5 5 2 2 3 4 7 6 3 10 1 1 5 2 1 8 10 5 3 6 1 8 3 8 1 3 2 3 8 4 10 5 1 3 10 2 2 7 10 10 10 1 6 10 6 2 1 1 5 3 6 9 9 9 6 6 5 10 6 7 2 6 4 1 8 3 8 7 1 3 6 9 1 7 4 3 9 6 10 2 1 8 4 1 2 9 8 3 1 10 3 8 4 3 10 8 7 8 1 5 7 2 2 8 9 9 4 7 4 9 9 10 1 8 2 1 8 9 7 9 1 6 1 4 6 6 3 8 5 10 5 9 9 22 8 3 10 1 2 3 9 9 7 4 4 4 4 8 2 2 6 2 8 3 1 7 5 9 5 6 9 3 4 9 4 1 2 10 2 1 6 2 6 4 9 9 1 7 3 7 5 7 6 1 1 2 10 9 7 8 10 3 1 8 8 9 8 3 2 9 7 4 4 8 1 7 8 6 5 2 9 9 2 9 4 7 6 9 18 8 7 3 1 8 3 10 5 6 4 6 6 5 9 3 4 2 10 1 10 3 7 5 1 2 7 1 9 9 8 7 5 8 8 8 9 8 10 8 3 9 9 1 2 9 5 5 9 3 10 9 5 9 3 4 8 24 4 10 5 7 4 10 10 8 9 8 10 3 5 7 4 2 2 8 8 10 7 1 23 10 7 7 6 6 10 2 10 7 7 9 6 3 1 10 10 6 7 7 5 4 7 6 4 4 10 9 4 1 9 3 2 4 8 10 5 4 9 5 2 9 8 10 5 10 9 6 10 2 6 4 8 6 7 4 2 4 5 1 9 6 5 9 10 6 5 9 7 7 3 1 5 6 4 4 7 10 2 7 10 2 3 10 7 1 1 6 6 5 1 2 5 3 1 7 8 5 6 10 7 9 4 6 9 9 8 10 10 6 9 7 8 4 10 1 8 5 4 2 5 9 4 8 3 3 1 7 3 10 8 3 5 6 5 3 3 4 9 6 1 2 10 25 4 5 10 6 9 7 4 10 5 2 7 7 6 7 2 6 8 2 10 2 4 7 5 10 9 9 10 9 10 5 19 8 1 3 5 7 3 3 5 5 2 3 5 5 4 3 10 2 6 8 10 10 1 4 3
2 5 2 6 5 9 10 5 7 6 5 10 4 4 4 9 10 5 3 6 8 8 2 4 4 6 7 10 8 2 23 4 2 8 7 4 3 4 9 7 1 3 3 4 13 7 6 7 4 7 7 5 2 10 4 3 3 3 8 6 3 1 4 10 4 6 2 5 4 4 9 7 1 2 1 1 8 7 2 5 1 4 5 6 8 7 6 10 3 10 9 3 1 1 2 3 9 7 4 2 2 4 5 10 6 1 8 1 8 3 5 6 6 2 7 6 7 10 3 8 10 10 5 2 10 5 9 5 9 8 3 9 9 9 10 7 4 10 3 8 6 4 16 2 8 2 3 1 5 8 1 6 7 6 8 4 9 6 8 10 5 3 8 6 10 9 2 7 3 7 4 1 5 9 5 10 2 1 5 6 3 2 5 7 5 9 10 11 5 1 5 8 3 4 9 9 5 2 7 1 7 3 10 4 3 1 8 9 2 2 4 10 6 7 3 6 1 2 2 5 3 9 7 6 6 8 2 1 2 1 3 7 22 10 9 3 3 9 24 5 6 2 10 1 1 8 5 3 10 6 7 4 1 6 7 1 2 1 8 8 6 2 7 6 2 1 4 3 2 7 2 8 1 6 5 8 5 9 8 1 5 1 9 6 6 2 7 4 5 10 8 4 19 5 4 6 7 6 6 8 2 2 9 1 6 2 7 2 4 3 10 3 7 2 9 9 8 3 10 4 6 8 10 1 10 3 3 10 7 8 5 9 4 1 4 5 8 3 5 5 6 1 1 1 7 9 4 5 7 9 3 5 2 8 6 10 7 1 10 9 18 3 10 3 3 10 9 3 9 7 3 20 1 6 8 2 6 6 2 17 6 4 6 8 8 10 5 7 7 2 3 3 1 1 4 10 4 8 5 9 10 2 6 10 10 14 7 10 8 8 5 10 2 3 4 4 10 9 1 6 21 1 4 5 4 9 4 10 10 9 4 2 4 9 9 6 10 10 2 7 5 9 6 1 10 6 3 9 15 10 9 6 8 2 1 7 10 9 7 9 8 7 2 3 4 1 8 2 9 8 5 1 9 3 5 3 1 7 6 7 1 1 5 5 8 7 2 4 9 7 10 7 1 8 12 2 5 4 9 9 8 8 8 8 10 7 3 5 9 3 4 5 8 1 7 9 1 4 9 6 8 3 4 5
2
766 602
263 523 466 24 744 509 327 588 522 156 638 468 144 254 235 237 563 142 736 286 124 660 582 315 55 598 46 565 697 646 155 501 214 556 614 431 425 488 334 45 704 663 592 243 234 94 296 726 181 625 122 525 418 91 4 329 666 411 317 276 37 400 278 209 353 503 128 645 738 382 92 532 194 79 570 192 277 484 413 93 337 742 439 659 416 505 90 758 335 628 445 228 721 531 43 58 603 141 689 517 421 504 232 434 392 615 745 98 394 187 213 71 200 120 653 401 279 561 545 78 273 611 551 672 300 566 259 616 493 282 464 585 701 583 102 454 587 339 316 762 39 15 325 682 643 624 246 709 591 336 31 95 367 354 734 487 764 111 519 474 537 433 475 89 724 119 138 719 226 620 720 72 536 574 557 27 575 66 321 707 118 238 546 202 32 326 188 41 477 159 473 328 167 375 145 647 463 82 20 185 314 225 324 396 59 216 49 606 294 496 538 476 502 99 613 626 459 499 639 240 298 654 746 35 9 50 432 550 651 539 369 671 158 303 609 331 482 608 190 650 427 352 126 135 270 593 691 312 652 755 380 30 252 386 70 419 447 385 636 84 3 371 521 618 438 229 599 700 154 465 662 74 224 520 381 215 688 127 23 480 196 251 753 376 244 589 562 219 344 345 471 684 579 305 692 733 729 766 594 242 349 489 669 490 699 338 160 728 201 231 217 377 564 687 548 417 123 717 690 696 460 686 763 747 198 360 34 261 399 372 512 178 601 60 387 121 655 397 685 175 553 374 113 362 21 355 63 649 543 711 179 472 26 451 541 257 271 283 268 125 739 171 52 264 467 604 292 481 511 683 661 664 83 731 443 293 470 18 743 393 302 96 29 378 437 221 423 313 107 137 725 57 694 6 458 210 186 304 289 462 250 456 267 765 450 675 597 69 212 48 452 323 420 718 633 515 299 642 567 88 101 249 245 295 395 542 108 266 139 702 478 97 402 398 260 492 104 622 153 365 258 86 759 275 621 287 705 164 61 703 533 612 274 761 233 12 558 406 495 346 529 272 430 630 85 429 256 514 656 607 407 347 133 42 391 590 241 373 748 390 180 485 695 422 528 408 449 426 161 552 483 147 288 513 500 722 332 130 600 627 491 527 291 33 524 403 409 207 469 195 255 714 197 80 441 436 455 571 308 184 414 576 640 247 560 168 10 648 146 203 25 165 56 7 740 681 11 712 28 461 665 363 342 405 319 206 62 75 530 516 134 756 479 518 710 578 152 641 572 129 534 544 22 658 673 569 208 222 149 526 674 199 54 716 535 631 440 351 757 644 444 507 173 358 412 364 577 162 357 568 17 486 442 110 68 361 713 559 174 19 1 81 140 350 253 586 306 580 348 730 309 38 510 494 573 629 65 584 189 752 220 163 448 384 40 211 2 157 67 322 508 676 143 723 148 715 333 44 114 741 693 732 172 76 749 105 581 754 223 248 637 547 64 366 13 284 415 595 53 735 106 453 230 193 435 14 136 166 218 191 617 307 678 77 150 623 236 680 51 227 677 370 596 670 428 115 708 318 205 204 356 632 301 116 170 619 281 269 634 404 183 311 506 457 610 239 290 635 340 47 760 265 383 667 446 176 379 297 706 16 169 410 679 280 5 151 73 549 182 87 262 602 698 343 100 540 497 330 112 424 727 36 359 103 320 498 751 737 285 554 131 132 668 109 389 177 605 341 368 657 117 555 388 310 8 750
229 291 419 655 181 32 691 90 127 206 755 705 138 613 525 490 237 642 299 257 358 272 558 606 496 69 3 101 195 212 501 746 438 142 585 460 200 270 685 694 274 292 391 313 286 147 43 68 86 740 386 145 489 538 25 618 91 695 308 666 664 433 674 454 78 42 659 513 75 26 614 361 587 328 718 590 408 351 113 611 111 756 397 639 665 574 354 671 583 417 190 208 45 267 658 84 302 156 365 480 342 102 17 603 71 88 616 158 173 171 371 367 6 630 266 406 393 167 747 712 532 66 736 268 517 409 759 360 355 137 515 474 725 125 524 633 604 687 153 476 600 258 440 238 753 279 261 362 216 364 601 54 445 414 347 197 255 357 499 278 81 651 766 534 576 161 562 594 98 243 521 519 213 4 541 174 557 744 675 273 758 477 187 411 475 481 516 450 21 546 324 94 734 62 242 74 696 452 537 336 509 503 376 520 646 369 711 420 18 63 743 372 482 403 327 544 407 287 690 527 390 245 235 264 39 569 72 423 97 335 294 459 381 338 714 464 543 152 563 577 96 713 722 511 648 719 660 378 626 628 34 120 317 339 382 178 728 289 697 392 762 217 7 104 353 24 122 625 484 380 300 465 607 95 486 731 130 326 160 716 48 491 656 566 724 1 202 761 219 742 553 560 536 319 545 572 745 621 559 210 609 345 129 702 528 427 505 15 203 33 721 93 123 470 483 405 434 192 12 575 250 487 46 550 119 139 686 492 168 689 589 260 56 548 472 567 485 165 295 478 305 462 729 579 422 259 763 201 704 28 592 645 425 443 228 344 591 110 738 346 128 332 535 374 296 447 316 209 240 436 710 37 118 70 377 349 396 733 144 507 495 564 582 429 597 234 764 149 232 134 699 556 9 312 89 207 647 539 644 757 531 739 27 502 416 49 561 337 196 570 225 314 669 108 304 80 488 640 59 431 526 681 593 672 180 226 479 500 663 726 303 703 624 641 748 493 720 107 224 329 441 638 82 124 184 146 636 214 571 352 473 277 276 22 578 99 512 401 551 283 55 468 529 399 85 650 141 471 121 692 504 683 247 622 256 437 542 439 463 514 522 30 249 186 458 654 179 159 631 29 444 709 653 412 717 50 164 188 387 413 402 395 162 426 52 222 418 61 385 199 293 451 588 373 321 432 231 518 58 334 765 315 684 155 60 252 92 215 394 198 398 31 461 612 244 375 57 467 673 23 469 251 363 288 221 701 421 323 194 598 135 552 449 466 19 282 11 79 263 246 682 325 254 41 700 133 175 126 233 627 662 568 456 652 83 271 185 615 400 523 442 599 430 565 530 649 35 10 275 661 707 643 533 154 608 331 455 298 241 688 20 620
2
720 723
2 1 1 2 1 2 2 1 1 1 2 1 2 2 2 1 2 1 1 2 2 2 1 1 2 2 1 2 2 1 1 2 1 1 2 1 2 1 1 2 1 2 2 1 2 2 1 2 1 1 1 1 2 2 2 2 1 1 2 1 2 1 2 2 1 1 2 1 1 2 2 1 2 2 2 1 1 1 1 2 1 2 1 1 2 2 2 1 1 1 1 1 2 2 1 2 1 2 1 2 2 2 1 2 1 2 2 1 1 1 2 1 2 2 1 1 2 1 2 2 1 2 1 1 1 1 1 2 1 2 1 2 2 1 2 1 1 1 1 1 1 2 1 1 1 2 1 1 1 2 2 2 1 1 1 1 2 2 1 1 1 2 2 1 1 2 1 2 2 1 1 2 2 2 1 2 2 1 1 1 1 1 2 1 2 1 1 1 1 2 1 2 2 2 2 2 1 2 2 1 1 2 1 2 2 2 1 2 1 2 1 2 2 2 2 2 1 1 2 2 1 2 2 1 2 2 2 1 1 1 2 2 1 1 2 1 1 1 1 2 2 2 1 1 1 1 2 1 1 2 1 2 1 2 1 1 1 2 2 1 1 1 1 2 1 1 1 1 1 2 2 2 2 1 1 2 2 1 2 1 2 1 1 1 1 2 2 1 2 1 1 1 1 2 1 1 2 1 1 2 1 1 1 2 2 1 1 1 2 1 1 1 1 1 1 1 2 1 2 2 1 1 2 2 2 2 2 1 2 1 1 1 2 2 2 2 2 2 2 1 2 2 1 1 1 1 2 1 1 1 1 1 1 2 1 1 1 2 1 1 2 1 1 1 1 2 2 2 2 2 1 2 1 2 2 2 2 2 1 2 1 1 1 1 2 2 1 1 1 2 2 1 2 1 2 2 2 2 2 1 1 2 2 2 1 2 2 1 1 1 2 2 2 2 1 2 2 2 2 1 2 1 2 1 1 2 2 1 1 1 1 2 1 1 1 1 2 1 2 1 1 2 2 2 1 2 2 2 2 1 2 1 1 1 1 1 1 1 2 2 1 1 2 2 2 2 1 1 1 1 1 1 2 2 1 2 2 1 1 1 2 1 2 2 2 2 1 2 2 1 2 1 2 2 2 1 2 2 1 2 1 1 2 2 1 1 2 1 1 2 2 1 2 1 2 2 1 2 1 1 1 1 1 1 2 2 1 1 1 2 1 2 1 2 2 2 1 2 2 2 2 1 2 1 2 1 2 1 2 2 1 2 2 1 1 1 1 2 1 2 1 2 2 2 2 1 2 1 2 2 2 1 2 1 1 2 2 2 2 2 1 2 2 2 2 2 1 2 2 1 2 2 2 2 2 2 2 1 2 2 1 2 2 1 1 1 1 1 1 2 1 2 1 2 2 2 2 2 1 1 1 2 1 2 2 2 2 2 2 2 1 1 2 1 2 1 2 2 2 1 2 2 1 1 2 1 2 2 2 2 2 1 1 1 2 2 1 1 1 2 2 2 1 2 2 2 1 1 1 2 1 2 1 1 1 2 1 2 2 2 2 1 2 1 1 2 2 1 1 2 1 1 1 2 1 1 1 2 1 1 2 2 1 2 2 1 2 2 2 2 1 1 2 2 2 2 1 1 2 1
1 1 2 1 2 2 2 2 1 2 2 1 2 2 2 2 2 2 1 1 2 2 1 2 1 1 1 2 2 2 1 1 1 2 2 2 2 1 1 2 2 2 1 1 1 2 2 1 2 2 1 1 1 2 2 2 1 1 2 1 1 1 1 2 2 1 2 1 1 1 2 2 2 2 1 1 2 1 2 2 2 2 2 2 2 1 2 1 2 1 1 1 2 1 2 2 2 1 1 2 1 2 1 1 2 2 1 1 1 1 1 2 2 2 1 1 1 2 1 2 2 1 1 1 2 1 1 1 1 1 2 2 2 2 2 2 1 2 2 2 2 1 1 2 1 2 1 1 2 1 1 2 1 2 1 2 2 1 2 1 2 1 2 1 1 2 2 2 2 1 1 2 2 2 1 1 2 1 2 2 1 2 2 1 2 2 2 2 1 1 2 1 2 1 2 2 2 1 2 1 1 2 1 2 2 1 1 1 1 1 1 2 2 1 2 1 1 2 2 2 2 2 2 1 2 1 2 2 1 1 1 1 1 2 1 1 2 1 2 1 2 2 1 1 2 2 1 1 1 2 2 2 2 1 2 2 1 2 1 2 2 1 2 2 1 1 1 2 1 2 2 2 2 1 1 2 2 2 2 2 2 2 1 1 2 1 2 2 1 2 2 2 1 1 2 1 2 2 2 1 2 1 2 2 2 2 1 1 2 2 2 2 2 1 1 2 1 2 2 1 1 1 2 1 1 1 1 1 2 2 1 2 1 1 2 2 2 2 2 1 1 1 2 2 2 2 1 2 1 1 1 1 1 1 2 2 1 1 2 1 1 1 1 1 1 2 2 2 2 2 1 2 1 1 1 1 2 1 2 1 2 1 2 2 1 1 1 2 1 1 1 1 1 2 2 2 1 1 2 1 1 2 1 2 1 1 1 1 1 1 1 1 1 2 1 2 1 1 1 2 1 1 1 2 1 2 1 2 2 1 1 2 1 2 1 2 2 2 2 2 1 2 2 1 2 1 1 1 1 1 2 2 2 1 1 2 1 1 2 2 1 1 2 2 1 1 1 1 1 1 1 2 1 2 1 2 1 1 1 2 2 2 1 1 1 2 2 1 1 1 1 2 2 2 1 1 2 1 1 2 2 2 2 2 2 2 1 2 1 1 2 1 1 1 2 1 2 2 1 2 2 2 2 1 1 2 1 2 2 1 1 2 2 2 1 2 1 2 1 1 1 1 2 2 2 1 2 1 2 1 2 1 2 1 1 2 2 2 1 2 1 1 1 1 1 1 2 2 2 2 2 2 2 2 1 1 2 1 2 1 1 2 2 2 2 2 1 2 1 1 1 2 1 1 2 1 1 2 1 2 2 2 2 1 2 1 1 1 2 1 1 2 2 1 1 2 1 2 1 2 1 1 1 2 1 2 1 1 1 1 1 2 2 1 2 2 1 2 2 2 2 2 2 1 1 2 2 1 1 1 1 2 1 2 2 1 2 2 2 1 2 1 2 1 2 2 1 2 1 2 1 1 2 1 2 2 1 2 2 1 1 1 1 1 1 1 2 2 2 2 2 2 1 2 1 1 2 2 2 1 1 2 1 2 2 1 1 2 1 1 1 1 2 1 1 1 2 1 1 1 2 1 1
