2
100
14 61 61 36 14 45 8 95 91 22 48 80 51 12 90 12 26 25 48 97 96 97 30 5 21 30 55 64 98 51 26 16 91 60 35 88 89 25 26 81 14 80 97 51 42 0 22 71 11 92 32 67 5 94 32 77 94 79 74 30 39 54 0 79 51 66 75 2 11 94 58 89 59 12 36 85 26 87 55 75 49 55 98 38 71 73 78 61 49 45 93 32 80 18 99 80 38 3 98 95 
75 5 87 33 26 64 83 98 66 87 40 63 27 82 81 84 79 3 74 69 12 14 83 5 51 49 31 32 78 84 9 8 15 32 38 76 87 80 77 44 10 84 37 29 80 85 99 4 28 88 95 55 69 45 92 76 16 86 73 93 38 2 84 48 8 88 15 60 34 97 9 42 36 7 74 19 23 35 81 60 69 5 75 87 66 64 43 31 74 16 0 29 9 93 18 42 93 6 31 75 
83 36 44 49 63 58 55 38 69 30 32 10 35 39 26 25 21 66 74 91 30 70 29 48 1 60 66 49 66 30 45 40 63 98 51 69 61 5 16 63 1 89 15 7 65 91 93 15 46 94 47 88 1 24 86 41 52 78 53 79 86 34 64 61 99 82 31 37 63 89 55 52 17 81 71 91 35 55 15 67 69 45 42 42 93 8 84 73 54 4 96 70 26 2 17 68 53 58 13 14 
62 21 55 75 11 44 14 48 42 43 80 18 92 99 49 90 51 94 84 92 35 94 76 18 10 12 71 94 41 70 38 10 19 95 0 34 80 67 88 29 91 10 76 93 95 36 50 40 90 11 40 50 36 37 57 87 68 32 97 81 16 32 81 26 96 80 74 35 64 71 66 31 0 6 76 36 95 91 11 19 20 3 72 78 69 75 97 77 96 64 48 93 84 48 99 53 33 33 28 1 
2 78 84 96 64 48 52 81 80 92 91 79 79 10 17 44 40 43 28 43 62 77 88 98 9 18 70 11 77 97 77 19 39 15 87 72 2 23 18 44 91 76 21 42 9 25 46 70 90 71 80 58 80 37 19 5 30 97 5 96 58 75 11 40 83 19 74 9 10 7 69 4 39 25 51 7 50 17 82 20 68 6 13 35 19 3 77 40 10 92 46 50 24 13 93 39 32 68 6 39 
7 67 20 18 99 80 10 85 19 61 77 32 64 4 61 49 72 12 3 23 99 6 98 81 39 35 6 36 69 98 97 70 16 54 28 30 94 75 15 94 35 48 11 78 16 11 92 82 94 72 38 8 4 55 69 23 90 53 65 60 39 66 52 22 91 48 91 20 70 96 15 18 35 45 45 43 32 75 98 56 1 15 27 75 91 29 2 82 97 75 99 66 66 20 19 52 38 34 50 17 
37 13 32 47 0 25 78 27 29 40 73 78 19 33 30 24 11 34 58 11 1 47 89 14 10 9 44 28 64 63 76 29 19 95 29 83 5 8 7 73 39 36 2 24 78 76 82 44 44 72 28 6 59 23 81 6 80 50 4 63 67 37 97 21 56 41 53 92 92 31 41 34 25 51 41 98 2 75 51 98 83 27 1 92 25 15 31 49 39 57 0 29 82 14 68 37 56 47 23 43 
99 83 18 54 90 31 61 18 13 75 25 43 27 72 50 58 55 33 48 87 85 76 38 31 46 10 65 39 63 54 39 49 73 91 84 84 10 31 59 12 4 43 80 99 50 66 77 97 14 98 54 29 70 61 93 67 27 93 2 56 42 61 85 95 97 28 19 65 69 11 53 54 47 89 50 87 1 89 2 22 27 70 70 69 64 75 14 81 21 68 59 40 29 7 79 4 30 37 98 72 
0 34 85 78 8 60 29 34 19 21 57 74 36 59 0 39 49 67 9 47 98 80 89 94 13 14 5 20 2 18 42 93 76 64 89 43 34 67 14 10 51 65 83 36 53 2 2 94 97 59 84 8 87 12 50 25 92 4 39 91 27 1 29 51 37 99 81 46 8 98 70 76 76 81 80 85 56 84 22 70 30 43 9 37 77 2 83 4 51 45 93 95 63 19 54 52 66 28 99 42 
67 33 98 97 31 40 54 79 87 72 8 20 82 35 67 47 78 31 22 41 0 8 54 49 80 43 46 77 21 94 12 23 29 73 16 7 54 68 57 68 22 58 74 1 7 51 34 76 21 97 64 24 17 66 32 95 63 18 77 65 64 81 48 51 17 98 64 56 31 97 63 2 98 50 56 88 28 44 40 30 71 32 34 12 46 24 95 23 89 88 44 43 10 16 76 28 93 94 48 80 
1 58 35 80 72 18 51 29 57 47 98 96 95 43 76 61 66 59 77 51 32 4 12 68 76 14 60 73 92 83 62 50 44 13 37 3 40 1 9 68 57 72 69 6 91 36 26 56 95 67 66 29 65 85 35 38 61 50 18 13 85 64 9 0 82 74 55 50 71 98 34 8 79 60 55 57 79 46 26 12 33 54 51 95 31 25 45 72 67 73 56 42 17 87 77 2 61 76 68 91 
54 48 99 79 92 33 76 41 13 87 59 71 28 64 11 81 6 17 95 20 99 42 3 89 5 79 57 11 74 91 28 20 33 55 48 24 74 49 24 10 48 63 76 69 65 22 42 37 17 99 40 10 72 17 12 36 15 78 15 55 77 67 48 97 83 97 31 49 8 3 66 20 25 77 7 84 22 37 38 64 80 54 46 51 14 69 41 81 70 71 45 49 36 28 54 13 66 63 44 97 
3 8 79 46 8 75 24 80 14 20 58 88 27 21 40 33 34 95 39 44 61 68 66 2 76 38 34 13 82 21 32 3 16 35 82 63 10 34 37 35 83 58 9 35 71 30 16 38 3 45 36 39 0 48 40 50 68 6 31 56 28 33 33 72 22 76 9 54 2 51 66 12 24 92 11 26 3 77 85 60 15 23 72 48 80 60 78 74 21 61 58 7 34 69 95 9 9 29 60 9 
87 68 14 12 96 8 98 89 40 9 15 11 35 88 12 63 32 13 82 74 66 63 96 80 23 43 22 12 51 66 36 58 77 84 37 63 82 48 21 82 16 75 86 79 80 19 64 24 28 88 68 38 31 42 15 10 6 38 94 45 77 7 43 25 45 99 35 71 42 93 72 37 59 5 90 37 48 47 97 50 0 9 64 22 53 54 30 25 22 83 96 83 4 96 18 35 8 74 53 32 
6 95 88 61 60 16 1 89 67 61 60 86 59 82 31 35 72 66 57 27 71 70 16 47 49 62 26 88 90 7 40 77 93 64 15 89 42 50 29 28 73 6 90 54 57 42 71 21 21 80 1 82 82 46 83 32 54 18 94 79 1 59 93 90 73 93 98 23 31 81 63 71 4 7 37 2 72 65 83 79 51 42 24 28 49 18 60 96 73 76 98 0 98 16 17 51 57 63 90 15 
55 15 51 31 40 51 96 6 20 42 37 59 43 99 66 79 89 90 17 44 88 44 56 63 63 89 75 68 33 32 0 34 59 30 16 25 83 70 81 49 86 22 54 61 19 97 91 49 57 91 16 81 8 87 2 95 84 38 67 0 80 83 71 9 63 68 13 38 21 15 39 6 32 38 65 33 11 27 28 41 53 49 36 16 18 8 90 89 71 22 83 27 22 88 13 52 35 37 65 10 
80 21 69 75 91 40 67 49 5 80 5 77 37 8 83 88 60 57 41 83 5 98 63 57 45 80 32 49 72 61 22 91 54 58 16 78 80 26 92 1 14 76 28 83 62 41 57 37 73 42 56 88 33 48 86 54 29 32 61 50 76 92 16 70 19 40 0 18 81 66 25 21 39 45 16 26 20 73 55 35 28 26 67 53 70 83 24 13 39 44 65 51 26 24 27 70 54 42 10 99 
1 44 67 81 6 12 3 48 9 8 83 49 15 35 81 39 20 9 83 99 60 51 85 59 1 51 84 28 60 77 68 95 4 36 90 61 0 74 68 67 13 13 68 92 83 6 39 13 62 69 24 22 24 81 16 58 88 40 76 10 68 8 92 74 99 84 72 98 27 65 28 12 93 18 26 65 23 21 65 29 22 7 2 70 12 7 78 17 62 47 66 83 98 20 4 74 18 18 58 98 
69 94 60 98 92 47 84 56 82 66 89 58 50 3 57 82 22 43 10 25 3 53 78 74 85 98 71 52 13 54 49 91 63 70 48 34 89 7 30 48 66 20 48 34 68 18 44 49 94 28 85 20 4 72 61 4 44 48 89 23 97 78 5 41 10 73 59 15 29 57 35 11 32 38 10 99 79 79 32 66 56 44 21 15 73 78 13 5 88 91 89 26 23 54 87 16 83 59 36 64 
65 30 79 84 31 99 39 31 86 16 38 41 78 63 50 17 79 19 91 49 95 44 73 33 15 17 66 84 39 36 39 61 95 99 77 91 59 3 3 38 12 60 57 90 3 69 59 76 1 6 49 65 77 26 47 38 12 70 34 82 14 96 33 58 90 90 65 97 39 43 69 85 58 24 72 90 17 14 6 3 39 5 44 80 37 22 47 73 32 88 52 47 97 23 80 38 36 74 71 70 
7 46 38 87 91 17 88 86 46 96 84 21 36 64 11 33 0 97 49 95 20 27 14 97 42 48 31 2 69 68 49 12 19 62 86 81 63 70 58 45 84 8 7 23 61 99 11 51 45 28 94 30 17 31 88 0 50 91 22 12 20 85 35 33 74 29 20 39 10 68 98 86 84 81 0 81 40 27 75 19 38 6 4 24 52 82 13 0 44 59 67 70 67 53 28 86 47 95 80 62 
47 73 13 82 41 99 30 97 17 22 70 4 36 92 9 65 80 91 54 7 33 76 54 23 39 82 99 66 4 35 25 84 84 31 46 41 2 78 31 12 52 89 16 49 52 95 23 97 4 81 81 42 30 77 0 74 36 69 66 59 88 55 83 62 64 11 29 22 84 48 54 95 5 58 72 47 34 53 31 93 14 95 21 68 6 54 98 67 67 9 29 16 6 96 66 48 82 33 13 25 
49 71 83 33 55 21 71 48 65 55 34 97 50 92 5 25 5 47 79 11 61 92 3 30 20 84 85 65 8 73 3 91 89 3 73 88 83 23 0 88 97 42 15 80 84 55 40 21 6 74 89 83 38 13 31 56 95 94 48 23 70 82 83 9 87 74 35 23 15 9 7 8 6 41 72 76 31 9 24 78 58 78 16 35 62 71 16 42 85 49 68 9 11 88 60 54 27 65 87 29 
38 81 46 40 34 80 43 17 41 2 37 24 4 81 49 71 47 40 46 73 25 55 53 28 10 2 36 72 54 3 48 27 61 26 90 78 19 10 61 79 30 65 64 17 81 94 61 75 36 92 42 93 7 71 24 86 71 12 7 88 84 53 99 35 9 76 26 35 28 10 71 31 44 19 38 68 81 31 76 26 68 19 30 45 50 44 53 48 96 21 90 42 32 60 99 69 15 4 59 88 
3 67 99 73 24 79 26 6 95 83 99 56 39 86 77 20 71 54 59 0 76 5 88 40 70 55 39 87 37 68 70 72 11 40 85 72 0 41 51 26 98 99 74 78 80 72 25 57 74 68 73 43 21 26 19 47 11 70 19 13 31 28 89 15 85 54 21 95 27 33 44 61 86 3 65 41 46 77 25 16 32 22 33 30 19 20 4 82 13 43 67 23 12 5 78 6 83 49 72 65 
3 22 42 0 91 4 91 90 96 59 86 15 17 91 89 96 17 63 78 26 95 42 89 25 59 95 25 73 95 88 3 33 94 32 57 15 73 46 86 70 86 21 25 91 53 17 5 28 28 49 63 71 49 14 23 44 51 80 19 85 77 69 93 33 81 41 52 82 42 78 93 77 40 83 4 95 2 85 31 2 38 56 38 10 4 95 54 92 32 1 92 12 70 67 73 8 55 46 81 8 
23 65 98 53 5 74 82 12 99 98 72 60 82 26 96 31 81 84 65 52 4 12 45 35 35 95 37 58 71 40 88 3 20 94 78 90 19 80 47 95 71 55 16 91 86 90 66 48 48 23 92 55 47 42 65 78 30 8 26 75 66 53 24 49 19 42 78 44 66 90 0 51 35 41 32 13 95 41 8 26 20 65 35 84 8 24 39 56 88 69 24 23 23 91 53 42 97 84 17 55 
51 56 41 19 69 17 42 1 46 63 94 18 98 15 94 21 20 19 32 51 27 27 63 70 2 68 30 10 28 83 0 84 56 82 62 45 89 78 77 13 18 71 15 82 18 65 12 10 21 47 46 2 65 78 71 61 48 6 21 27 60 41 94 67 93 12 84 60 79 37 3 22 97 11 83 77 24 0 92 85 21 46 3 92 91 78 87 78 94 28 83 68 78 33 59 70 4 6 19 49 
72 28 50 30 45 79 78 46 71 30 26 10 54 89 34 77 21 42 49 85 38 15 38 90 70 92 57 32 23 92 22 99 74 78 27 3 11 11 29 79 59 73 53 28 97 31 6 96 73 77 74 19 24 74 29 66 6 28 67 64 35 20 76 52 3 51 10 95 16 45 47 72 31 41 70 86 91 34 15 89 51 93 68 46 44 36 4 40 65 92 75 16 13 44 31 76 35 18 46 43 
31 30 74 55 12 35 9 87 98 72 45 81 4 21 4 18 27 17 99 2 57 44 90 38 29 54 29 50 90 26 68 96 95 48 49 7 61 9 32 83 12 30 30 19 65 33 28 42 55 79 39 55 33 15 9 5 59 11 5 65 81 70 17 99 26 34 97 18 37 39 91 70 81 16 30 31 6 70 98 87 87 66 16 6 62 11 25 7 86 39 90 73 80 12 50 73 44 25 81 38 
4 42 25 49 63 3 39 98 21 18 72 75 0 43 90 28 30 46 72 73 4 5 8 75 86 69 70 62 72 42 80 4 90 84 49 65 69 19 93 23 6 77 63 94 88 47 11 12 15 28 42 5 15 88 73 48 72 93 10 87 39 7 57 12 89 84 1 65 65 58 26 59 89 4 42 72 24 26 30 26 89 43 48 43 94 11 2 37 28 43 3 34 52 92 68 26 46 52 33 19 
74 72 16 81 21 68 91 92 6 83 37 56 93 69 73 96 29 88 91 22 55 14 94 60 90 76 94 78 4 91 17 81 42 2 89 79 15 64 28 49 77 86 51 46 69 55 76 55 95 96 29 4 24 54 97 9 58 43 84 29 2 59 72 99 69 76 65 53 18 19 26 36 30 89 45 57 20 42 7 26 89 18 46 45 89 63 51 72 90 54 45 0 79 26 66 37 32 5 67 86 
41 87 24 73 81 7 30 99 2 32 76 95 78 75 26 21 83 94 52 87 9 43 26 81 67 68 90 78 99 97 74 25 28 69 62 24 55 21 2 44 22 6 72 97 55 74 49 2 71 92 28 21 76 97 23 23 27 32 61 70 74 34 29 40 93 30 11 42 65 86 6 1 61 89 97 97 18 15 16 34 23 41 3 85 8 60 86 75 58 39 50 64 1 80 61 19 24 81 95 14 
96 20 12 8 43 71 44 35 41 7 83 52 88 4 57 72 91 78 0 5 56 48 46 37 34 29 47 48 95 5 59 5 64 28 79 47 8 3 26 56 14 91 77 79 0 91 94 76 85 66 26 85 18 73 84 96 60 69 47 79 93 40 13 56 40 50 11 52 49 32 35 33 51 33 82 22 82 68 18 49 32 96 85 51 20 80 9 97 97 2 30 23 36 83 97 75 39 28 97 78 
61 92 23 30 0 62 14 7 72 48 93 42 8 75 92 20 32 35 95 67 56 96 45 43 47 66 56 12 75 69 55 30 72 1 37 47 7 86 7 74 28 83 85 72 87 40 15 17 78 38 99 15 28 67 15 18 91 55 76 85 36 13 6 70 78 35 80 85 40 64 86 34 26 24 36 5 53 83 80 5 27 54 43 35 99 37 3 9 96 71 23 87 42 81 25 62 86 10 85 63 
71 30 75 2 68 50 72 64 42 64 17 59 99 41 61 86 87 55 56 32 14 65 41 2 16 2 64 90 16 88 65 85 23 36 73 79 37 61 7 99 22 81 42 47 87 82 89 8 97 52 27 77 68 77 72 85 5 89 81 98 98 70 24 44 6 33 55 0 57 32 80 86 70 60 85 90 29 67 70 82 58 66 46 47 12 81 25 14 80 51 99 37 37 2 23 58 59 31 75 43 
84 81 23 70 7 37 78 85 62 59 0 74 77 33 2 77 79 0 63 95 75 51 91 35 8 39 55 85 35 45 6 23 66 69 4 67 55 63 29 6 88 29 75 41 15 66 71 94 3 71 54 31 12 87 20 57 58 14 97 73 72 78 71 68 99 72 38 54 60 21 9 51 31 49 70 38 16 10 18 11 26 67 99 53 22 80 84 80 42 38 70 88 79 7 11 27 84 53 73 3 
78 30 90 18 10 45 77 48 39 86 98 28 55 65 96 23 6 2 51 59 24 97 5 20 44 71 81 77 55 70 51 84 79 46 30 62 9 56 20 73 4 44 47 75 90 11 80 9 8 15 79 48 86 45 83 72 42 89 17 90 0 32 65 6 66 32 89 59 8 62 81 3 96 49 78 63 29 22 6 1 85 87 38 20 22 84 48 22 56 48 20 16 24 85 15 36 45 14 2 67 
76 44 26 9 18 11 73 87 60 41 38 44 50 34 15 64 44 81 91 7 93 95 13 36 7 64 46 64 80 35 63 4 96 70 86 72 73 78 9 83 46 28 49 60 48 15 80 99 2 59 36 70 46 69 2 70 75 93 83 33 91 78 85 92 77 53 12 4 9 79 38 50 27 65 48 8 2 38 45 51 58 37 38 71 92 69 59 4 55 86 77 86 13 48 42 48 91 91 20 80 
37 69 38 90 10 52 57 96 81 81 91 55 83 86 2 55 74 47 30 45 43 28 11 82 26 31 51 76 71 31 14 79 96 25 36 31 40 1 12 34 65 64 62 38 44 14 76 57 61 47 92 66 40 38 38 59 44 81 1 15 88 34 74 90 4 5 16 23 18 78 64 91 84 45 55 55 1 82 87 20 43 57 41 63 39 81 38 72 93 4 89 91 82 91 26 41 28 73 49 50 
42 24 36 91 94 36 63 40 5 77 18 25 92 43 13 51 40 6 66 56 68 84 14 13 94 10 11 19 71 70 88 25 27 70 16 45 71 69 23 70 76 52 30 39 69 53 11 61 42 51 68 90 57 47 99 11 29 2 98 54 57 72 74 83 35 96 82 81 78 33 19 47 55 93 4 3 43 14 20 38 99 98 12 45 84 22 82 92 39 75 32 67 43 50 51 45 87 40 53 79 
89 33 2 21 22 72 15 46 33 56 30 87 76 61 91 91 6 36 68 4 98 11 62 2 0 89 35 57 33 8 21 56 23 1 75 84 30 93 99 25 45 53 72 51 13 48 67 5 82 36 41 58 11 34 98 97 3 54 22 67 36 82 16 2 86 2 77 81 93 33 48 3 23 48 53 21 42 98 63 14 48 21 42 97 99 82 76 72 6 45 59 91 18 1 48 96 93 57 42 47 
50 68 91 21 91 15 76 33 89 63 81 58 59 26 82 53 96 67 40 36 21 58 35 29 18 60 28 77 20 27 93 94 7 7 34 18 93 40 18 93 94 4 1 58 34 55 64 84 44 32 87 5 8 31 12 62 21 7 20 68 6 89 42 39 66 92 52 84 33 47 13 88 65 42 90 48 6 51 79 69 17 14 76 56 31 94 39 89 25 11 78 55 9 42 15 19 84 14 96 46 
11 29 84 2 49 5 58 51 52 88 54 37 15 3 43 43 15 67 46 19 53 53 80 69 23 18 16 65 16 63 50 4 92 50 36 43 47 11 27 19 50 80 19 13 95 78 56 32 2 51 19 79 79 14 74 94 19 71 35 77 88 4 46 79 82 21 48 35 89 10 5 36 91 40 43 99 27 36 24 48 28 88 40 31 46 75 90 2 37 48 7 26 54 24 29 28 12 69 66 74 
82 16 4 78 89 0 25 57 23 47 46 36 60 36 45 27 94 90 63 20 37 35 45 80 10 54 4 2 1 14 41 20 4 61 24 43 46 98 86 33 83 70 36 21 53 52 12 40 97 61 68 39 83 9 54 48 37 31 55 36 81 97 24 29 83 25 23 66 45 45 39 3 31 89 37 99 20 18 82 60 62 98 20 85 52 56 33 77 7 75 37 93 72 46 1 87 52 11 37 30 
26 14 85 9 73 42 61 3 2 50 25 79 90 76 90 9 40 33 40 26 73 44 13 4 76 2 1 87 25 34 5 62 7 7 91 60 75 52 9 33 52 8 41 81 66 32 92 71 47 79 44 34 9 72 19 2 40 76 82 14 57 37 85 83 45 88 41 64 55 94 33 4 95 46 42 60 91 44 75 19 55 8 91 98 92 65 39 58 1 12 90 3 14 87 44 58 26 17 5 41 
66 99 39 92 9 71 26 54 58 72 47 17 99 87 77 15 32 14 16 35 3 48 29 54 10 65 6 25 76 60 11 34 0 16 59 95 95 81 38 48 79 49 10 70 68 71 58 1 70 86 43 22 24 79 30 82 16 32 48 58 55 0 37 23 55 21 54 21 73 43 94 74 83 61 77 18 84 93 4 57 27 81 33 62 34 12 18 53 8 47 61 93 58 69 60 99 85 38 38 59 
12 14 98 80 89 96 88 41 18 59 83 76 27 69 36 94 79 90 70 51 77 45 79 49 33 94 32 69 51 70 4 51 69 53 79 75 14 38 45 37 58 96 94 96 97 71 7 70 13 78 4 81 70 42 95 62 83 12 80 61 18 62 49 39 48 96 30 57 98 58 35 91 68 40 75 81 8 19 97 53 81 68 22 6 44 62 2 80 55 21 10 4 71 58 21 81 28 34 93 41 
3 2 1 98 44 63 85 12 92 87 44 30 82 61 97 69 10 19 91 33 5 68 62 66 78 90 8 27 50 27 11 15 2 83 1 49 25 94 52 84 74 32 46 62 85 52 0 57 75 33 43 62 81 26 65 36 4 56 95 95 74 38 73 76 50 61 37 89 71 12 84 59 12 26 78 98 76 48 60 54 64 38 47 98 81 59 57 98 92 15 1 96 9 80 72 96 51 11 78 98 
42 4 12 69 55 67 36 34 86 90 67 36 31 38 79 14 31 86 94 13 7 82 17 3 7 26 79 94 19 96 67 52 62 27 90 70 17 61 0 47 71 90 24 18 36 21 94 5 91 38 74 23 34 83 4 11 46 35 54 20 44 12 74 52 68 83 84 89 23 2 66 33 55 18 71 84 81 68 26 34 54 43 67 6 39 7 62 15 34 88 35 21 87 78 0 53 89 43 76 27 
41 25 63 75 74 26 66 20 63 33 46 79 49 65 53 28 3 5 28 2 68 84 66 48 46 22 12 46 91 66 77 46 51 14 57 1 70 17 82 28 68 21 42 10 37 32 5 46 66 2 15 54 25 40 76 28 15 22 26 76 1 41 55 27 5 32 12 10 6 92 83 88 80 1 62 85 58 27 61 21 59 91 19 85 65 8 99 82 18 84 78 40 69 0 96 32 94 54 50 22 
5 9 67 4 90 10 29 47 17 80 45 42 0 90 41 84 0 56 5 51 55 87 9 91 22 86 44 43 47 12 53 51 1 56 57 93 93 65 23 77 16 62 95 67 95 85 45 14 20 18 1 71 97 93 72 20 45 30 61 91 18 77 76 9 60 60 90 2 50 41 54 46 71 79 39 15 64 55 90 10 59 14 33 3 40 45 86 38 37 43 51 32 61 44 23 22 19 44 81 9 
64 75 57 26 67 24 64 0 52 32 55 68 57 53 77 87 60 84 47 35 94 2 60 75 82 6 23 57 77 43 45 18 57 83 23 90 80 23 30 47 91 10 68 62 75 30 45 98 16 33 21 30 98 5 5 31 34 89 69 76 99 70 11 51 68 31 37 48 4 26 71 86 86 63 64 10 75 27 61 30 18 51 10 33 90 5 67 96 61 33 82 60 28 88 95 3 8 96 1 39 
89 47 53 70 9 13 59 6 93 33 71 51 33 26 89 22 64 42 95 44 87 0 27 51 77 71 48 65 5 79 69 98 12 93 56 16 70 25 1 28 63 31 92 87 21 83 71 27 38 21 91 61 52 8 48 59 1 29 93 92 7 49 22 74 17 79 84 34 78 35 34 87 18 38 42 72 51 67 62 50 46 69 56 64 35 0 3 42 1 58 68 91 63 27 72 93 78 5 92 42 
33 61 39 14 12 72 68 42 11 88 24 5 5 57 33 33 85 3 63 60 9 4 82 67 62 5 93 74 46 53 99 12 68 25 45 98 66 92 98 6 26 18 39 83 78 64 10 78 42 23 47 18 18 9 32 19 94 12 41 70 90 23 70 76 40 63 1 32 70 78 82 32 84 83 9 74 96 62 10 83 58 54 39 75 45 47 58 62 33 33 13 7 22 40 40 11 63 79 89 27 
31 21 97 48 48 94 41 53 75 28 65 4 53 25 41 97 92 28 55 68 27 58 28 29 42 23 93 2 95 67 44 91 32 73 15 35 0 16 37 95 80 88 72 72 77 93 43 52 30 16 17 92 3 3 95 54 46 21 22 31 23 33 2 13 79 78 71 73 51 41 85 94 50 55 12 19 91 3 79 1 76 46 47 36 21 13 77 55 47 63 34 86 43 19 47 74 37 59 1 76 
82 58 64 95 9 65 93 76 33 69 21 87 91 95 11 86 99 30 25 16 92 41 45 71 3 19 46 79 49 1 32 50 43 19 51 64 39 24 16 29 31 57 27 60 13 94 30 2 98 44 77 48 18 47 39 73 83 81 98 76 94 10 30 80 67 99 72 51 44 57 22 30 39 9 88 14 31 84 68 78 96 81 41 41 26 46 31 89 46 78 90 76 86 64 55 93 82 59 80 89 
80 61 85 39 35 43 82 13 65 36 54 89 2 58 31 88 81 23 86 24 35 50 44 28 22 15 20 97 86 48 36 78 18 38 5 61 82 77 83 60 17 7 99 88 52 67 29 47 78 31 37 79 75 81 82 24 10 56 38 80 13 16 96 71 77 81 57 84 2 25 65 4 71 2 32 31 20 85 47 44 69 47 85 9 65 65 21 17 39 99 24 60 76 67 86 64 73 49 36 98 
29 48 73 75 2 10 86 27 20 66 48 85 74 87 38 46 55 25 97 55 14 97 89 54 19 94 34 48 94 74 90 28 48 73 13 19 83 4 21 48 32 57 65 19 87 2 75 97 28 87 19 67 91 50 77 79 48 13 49 4 86 78 15 30 81 98 60 54 21 5 4 31 13 50 81 91 39 34 35 96 14 43 55 57 22 38 74 6 86 47 90 49 1 9 7 41 27 87 91 70 
15 18 69 20 55 7 82 33 98 90 71 13 16 83 63 46 96 9 90 60 50 37 62 98 88 17 96 55 79 38 4 50 6 48 21 18 5 84 16 7 35 30 93 48 18 91 97 15 38 11 4 75 53 73 85 51 58 13 85 96 72 2 42 87 77 4 71 42 33 79 2 39 95 74 5 70 5 75 77 51 56 66 90 77 6 50 46 28 82 24 71 41 98 62 36 22 25 38 43 29 
94 33 45 34 23 54 83 15 0 55 11 58 61 79 1 35 81 20 32 61 40 31 38 20 20 18 19 0 48 18 58 22 81 81 66 55 85 93 48 90 9 91 98 18 78 51 70 3 78 84 72 23 36 71 63 11 12 22 21 4 10 72 27 89 49 86 29 85 32 44 63 10 77 40 39 55 45 84 52 52 21 45 51 90 33 12 51 80 53 82 52 15 96 43 25 95 14 42 93 50 
67 54 88 53 60 81 75 4 6 99 38 4 10 62 64 66 98 47 13 55 22 62 24 44 76 67 25 66 64 3 98 8 30 78 25 80 73 62 41 82 85 97 19 81 67 95 98 51 31 36 44 16 35 10 52 19 38 23 61 59 71 98 1 40 31 89 47 30 84 99 21 10 3 17 7 89 56 60 1 52 0 97 26 31 52 93 77 65 78 86 87 18 6 71 20 92 67 23 46 34 
16 42 0 19 95 13 69 70 60 37 52 22 95 84 62 4 95 34 20 50 83 10 88 41 31 9 65 59 64 54 25 42 48 81 46 6 23 37 1 39 29 54 12 53 9 33 44 69 17 23 71 46 41 51 3 35 99 60 65 82 22 54 47 10 18 60 76 40 87 33 80 90 70 62 17 13 48 36 38 59 17 71 55 40 85 61 38 77 9 70 59 73 51 98 9 45 81 98 49 76 
56 20 15 0 4 1 87 64 73 87 92 8 48 33 45 43 14 67 9 72 75 40 6 61 74 71 40 32 49 99 70 66 97 52 90 93 51 96 15 64 84 73 50 46 5 6 38 59 95 71 93 70 45 37 28 38 88 37 67 81 3 77 22 4 36 52 65 1 36 33 13 51 83 78 53 96 40 86 38 15 40 26 32 32 69 20 9 17 53 10 99 58 79 93 99 30 16 20 84 56 
81 49 0 72 68 14 94 37 24 81 86 79 62 35 67 48 98 14 63 19 2 77 28 88 64 13 47 71 14 66 95 91 92 78 71 26 71 1 53 32 4 23 61 61 54 99 30 23 30 79 79 95 99 93 57 70 57 51 28 21 12 73 33 80 31 18 20 5 69 42 38 85 38 31 35 88 84 7 3 8 38 53 8 89 19 6 55 6 45 61 76 12 40 30 74 84 86 71 43 49 
96 43 85 71 18 36 92 19 55 34 93 82 10 85 89 74 92 37 23 18 45 84 71 66 64 21 35 16 97 46 57 12 74 22 17 6 98 75 63 34 41 17 76 30 4 96 51 52 49 12 66 69 63 14 48 96 35 2 70 25 43 12 16 13 79 72 87 10 86 10 22 52 23 94 62 5 12 3 46 59 24 90 50 18 68 37 7 11 10 93 36 31 15 34 43 51 28 54 80 58 
80 11 45 1 90 9 0 0 33 59 93 71 53 44 88 30 15 62 30 67 69 87 9 19 44 70 62 59 31 17 67 85 66 95 20 24 81 50 95 85 23 22 64 38 46 71 33 78 70 78 95 80 33 50 69 19 32 98 82 0 38 80 16 44 92 40 79 18 75 74 60 23 49 43 0 74 55 38 1 17 85 5 14 21 42 3 34 10 32 59 86 48 72 39 42 71 74 34 33 62 
40 2 54 68 20 46 41 49 34 21 66 7 82 63 64 86 97 64 31 88 16 1 72 65 31 42 22 0 99 59 8 90 29 27 22 71 96 28 43 83 61 86 87 49 87 73 49 54 29 17 65 51 53 42 26 81 16 31 47 21 63 93 26 8 97 53 75 6 60 19 21 97 6 31 54 90 76 47 4 44 17 86 38 73 47 79 68 46 28 2 27 90 17 5 65 42 39 92 60 43 
74 62 2 25 69 27 18 29 12 13 26 33 21 39 99 30 88 38 58 23 89 70 64 37 1 67 6 70 10 49 75 60 1 73 30 9 34 88 57 15 77 55 65 1 38 1 27 68 71 24 91 31 3 72 87 24 46 69 64 98 10 26 60 18 36 21 6 67 73 28 15 30 48 9 25 78 45 10 16 56 18 57 1 50 40 40 26 35 48 93 59 17 46 44 79 23 49 23 1 82 
77 95 1 82 67 77 57 47 2 66 0 48 11 23 85 76 60 18 11 12 84 25 26 95 86 78 96 54 94 89 94 73 76 3 82 34 2 44 90 15 54 64 82 99 32 94 68 59 88 62 90 33 61 99 63 88 43 30 58 95 76 13 35 5 7 67 54 67 92 31 89 74 87 43 86 18 10 71 10 76 68 34 1 1 63 9 64 3 96 0 1 20 27 79 1 19 63 62 51 69 
0 57 28 3 8 57 89 32 73 85 88 17 81 34 34 45 35 26 10 7 54 99 46 12 30 98 39 86 45 29 84 61 38 58 34 87 72 86 50 22 62 19 14 18 85 25 78 79 59 23 68 69 99 54 31 49 63 77 49 34 33 16 42 69 9 6 92 85 9 14 72 21 88 57 54 17 59 21 49 76 72 48 44 21 53 66 39 94 49 85 14 62 92 95 89 98 90 88 31 13 
52 81 68 99 89 41 13 96 10 76 73 96 84 11 47 23 45 8 36 2 67 80 42 2 27 52 79 27 29 20 55 5 7 40 65 13 88 26 70 13 23 34 30 1 55 77 49 23 5 37 17 40 69 40 27 41 55 61 76 39 51 10 92 67 47 59 12 8 68 21 84 90 63 46 2 23 16 60 98 34 37 56 31 44 27 63 66 88 78 3 59 21 41 78 17 85 92 71 43 18 
64 8 62 26 50 40 81 91 65 55 79 29 79 66 79 37 17 23 42 22 46 30 94 79 2 21 99 23 14 59 2 75 44 42 88 96 52 95 9 61 82 94 38 5 30 4 54 61 52 48 22 25 8 94 45 2 19 44 34 0 74 91 81 85 59 26 23 30 4 8 64 21 64 65 45 55 18 19 71 22 92 50 83 23 33 0 2 68 28 9 54 78 35 68 22 69 71 71 39 58 
59 29 93 47 72 38 93 11 84 92 88 93 62 2 81 67 0 92 91 33 79 40 88 9 99 1 10 87 54 99 63 71 61 83 42 21 9 19 36 69 2 24 9 14 68 21 13 26 31 59 21 23 38 40 26 90 23 3 55 49 6 0 59 94 31 49 34 55 76 86 11 38 81 26 23 46 4 2 5 54 66 69 4 83 73 70 16 66 20 60 0 28 11 73 29 41 70 70 14 53 
76 80 51 44 47 19 72 21 25 41 41 69 24 59 90 57 68 10 39 40 93 57 47 95 28 57 21 59 87 39 96 38 2 86 63 25 15 45 23 13 98 84 54 82 77 3 61 44 84 67 68 52 42 84 30 95 65 76 93 51 47 54 71 19 21 6 33 79 8 39 61 20 17 5 46 57 46 24 97 48 2 19 97 73 72 54 41 9 29 64 45 11 89 28 65 13 39 79 63 12 
12 73 0 99 16 54 29 68 83 19 34 37 92 59 13 38 99 71 70 69 4 26 0 27 73 22 46 40 77 26 42 16 75 11 32 8 79 12 48 5 38 61 40 88 75 35 87 55 49 7 23 16 14 93 36 91 57 4 72 58 80 25 78 13 81 81 0 16 81 25 30 49 53 9 11 23 45 60 30 63 92 72 43 96 36 92 74 61 85 36 61 81 93 10 42 89 60 6 3 20 
26 90 34 41 21 56 96 26 76 86 89 75 21 7 58 73 24 90 40 53 4 20 27 52 34 97 53 46 86 26 83 92 91 22 90 34 54 63 26 62 14 72 36 77 91 69 76 1 28 49 83 14 37 30 83 80 0 28 16 18 31 25 54 98 65 16 5 62 90 55 86 94 71 90 11 95 73 66 13 16 1 20 40 60 93 18 40 43 32 9 6 99 34 24 18 25 78 7 45 44 
29 28 35 48 60 60 6 85 73 44 37 74 47 96 57 57 69 32 49 31 93 39 55 83 51 81 44 72 49 45 94 8 96 95 49 56 89 68 70 63 67 98 48 10 83 36 45 99 22 26 47 97 96 47 98 40 12 55 71 45 9 56 55 14 42 91 27 70 62 4 93 25 90 42 87 17 3 50 43 0 3 39 95 21 27 16 23 8 87 22 12 49 99 19 2 18 51 90 63 35 
68 54 78 42 45 61 56 2 33 85 88 19 20 43 79 82 84 56 7 90 3 44 92 94 15 57 42 99 53 61 49 24 90 78 85 18 5 13 0 30 17 68 97 27 1 68 24 39 91 11 25 35 51 44 2 96 80 25 66 52 51 88 83 9 23 79 2 40 83 4 20 4 64 59 21 80 91 43 17 68 34 44 19 83 27 24 78 30 6 58 73 12 91 20 10 97 81 62 41 3 
15 23 39 27 21 91 25 93 28 72 15 15 22 90 29 62 18 78 66 24 70 88 46 43 18 72 43 46 13 43 21 32 51 76 1 22 22 78 22 6 33 63 50 2 23 16 92 28 47 30 58 11 81 55 82 18 92 24 27 75 11 42 37 36 23 89 31 91 46 68 57 62 18 75 79 56 62 65 29 35 54 45 32 98 32 80 6 8 82 15 55 49 93 15 99 2 71 98 9 3 
32 97 61 6 13 74 62 32 86 93 76 59 58 84 55 22 81 12 59 80 54 47 29 28 44 64 11 13 72 40 96 69 48 66 26 9 29 35 15 51 20 22 91 12 76 37 36 37 43 56 60 93 71 43 84 29 90 45 99 78 9 20 31 6 3 19 70 49 2 97 20 56 21 89 83 28 32 46 85 20 26 80 43 86 69 83 1 14 62 56 31 2 88 85 70 87 7 67 28 99 
73 57 61 47 28 60 87 19 79 16 63 1 99 66 6 80 51 46 47 71 97 38 48 75 11 92 84 40 7 7 6 0 57 50 35 25 21 86 62 87 57 16 98 65 17 31 60 21 70 22 21 90 25 84 14 67 24 10 13 35 8 62 70 27 21 20 26 17 96 64 44 51 80 63 54 97 0 6 99 48 42 62 74 83 67 68 15 21 51 18 53 77 1 97 56 76 25 5 2 23 
79 36 98 93 65 88 14 4 71 45 64 5 72 21 86 91 78 95 51 91 40 35 29 44 48 40 93 98 85 17 82 85 86 71 52 82 86 14 8 84 65 92 38 18 63 46 57 29 43 93 27 53 87 2 79 80 30 97 50 64 36 8 48 50 48 38 46 11 22 96 51 90 57 35 39 37 36 94 39 2 86 58 73 8 6 26 94 26 12 40 34 60 73 48 52 15 37 41 52 34 
76 46 34 7 55 25 43 68 33 59 32 46 70 63 0 44 15 38 25 77 19 56 54 39 14 76 62 34 87 90 26 31 40 59 51 21 58 40 42 79 96 79 16 79 12 90 61 69 12 5 93 72 69 87 84 24 75 91 77 91 49 53 53 22 65 37 18 33 88 41 96 45 66 68 52 21 89 57 16 87 4 66 48 27 20 38 53 46 99 80 27 3 48 54 99 2 45 49 61 3 
22 78 85 30 88 87 53 78 56 60 44 14 11 52 56 93 25 42 89 69 54 73 11 40 56 88 28 64 54 57 15 86 30 40 50 65 3 45 83 17 45 79 55 84 30 78 31 92 45 37 91 62 68 37 33 52 46 41 63 55 83 98 22 79 42 77 76 15 72 76 95 18 35 72 77 91 69 90 76 85 27 52 96 75 72 95 20 17 64 1 30 7 62 93 60 45 31 26 18 57 
28 10 99 40 0 81 49 2 70 89 52 28 58 54 71 75 81 86 61 26 43 53 67 18 96 78 37 26 78 4 68 53 1 53 94 7 52 7 32 85 77 36 98 56 88 91 29 67 71 98 83 7 1 18 13 75 67 54 71 35 31 35 53 34 25 54 38 50 7 96 82 12 9 19 58 58 5 37 86 19 34 13 66 43 55 15 37 69 70 80 29 34 5 22 24 96 47 98 43 77 
31 27 86 41 85 99 77 22 80 84 62 95 47 11 29 36 17 56 54 98 33 48 29 96 73 3 50 98 52 94 36 66 68 98 52 12 66 3 33 95 61 96 99 40 75 16 30 38 17 53 21 34 32 41 5 64 5 13 48 86 62 60 82 3 1 97 17 36 78 55 21 75 49 0 60 15 70 30 80 41 37 65 70 13 2 63 93 99 10 36 39 61 66 48 66 90 76 26 26 44 
52 52 78 68 24 39 20 67 44 65 9 42 78 6 33 36 7 97 17 95 56 73 57 52 92 83 50 6 41 49 15 24 6 9 1 1 35 37 57 30 15 52 27 1 86 94 41 91 73 32 66 45 25 19 77 61 29 18 94 84 65 1 35 64 53 61 99 42 72 39 60 36 14 44 17 81 41 66 9 5 43 14 50 45 52 81 0 52 74 82 73 56 82 83 45 65 35 98 91 77 
4 53 93 76 99 29 53 89 64 81 31 1 55 29 22 38 83 52 20 35 73 75 13 91 31 56 62 52 69 54 73 15 19 59 91 95 73 46 25 91 94 88 55 42 59 87 98 68 72 65 27 89 61 91 76 35 79 73 43 45 21 34 85 21 31 67 60 74 59 3 98 27 72 8 85 46 71 26 24 13 88 72 56 28 83 33 67 39 23 25 28 31 30 36 33 15 16 23 48 31 
98 49 60 30 82 1 72 37 23 98 69 60 98 58 16 81 76 40 48 81 14 97 13 20 16 5 71 33 29 14 69 47 14 89 60 3 90 69 31 57 3 7 31 20 67 14 21 59 63 44 23 34 48 23 41 94 53 1 19 94 70 25 2 21 2 24 69 52 37 10 18 39 93 16 71 25 61 46 86 89 30 86 25 1 43 67 53 84 55 68 8 83 42 77 75 83 26 14 37 91 
59 81 77 81 93 32 20 73 85 91 70 66 40 96 73 8 88 45 53 80 49 78 21 30 5 34 35 95 30 4 17 14 99 21 20 97 11 11 94 61 85 17 66 8 49 83 35 46 73 56 35 3 46 79 48 99 29 4 68 46 70 73 65 81 12 79 68 1 21 54 5 51 12 12 23 45 69 56 53 32 38 48 55 28 99 43 9 7 92 99 69 72 22 70 93 58 85 44 68 47 
80 49 86 4 45 94 99 61 91 93 3 59 50 48 17 41 57 10 1 60 62 68 19 32 54 33 49 39 58 64 71 65 86 21 83 60 32 20 41 1 16 13 19 27 35 47 77 14 3 29 85 61 32 15 32 57 77 67 22 73 91 3 25 37 36 24 40 97 29 99 82 25 3 74 14 4 36 42 12 10 12 90 77 59 97 69 3 34 54 98 25 51 39 57 84 57 96 4 65 72 
5 51 69 14 90 70 30 26 83 50 75 28 44 62 60 72 73 34 22 7 59 77 93 80 56 92 60 35 11 95 74 73 44 22 29 94 10 1 74 3 5 38 90 50 42 27 28 18 45 20 54 11 43 57 83 82 90 38 57 33 61 77 30 59 1 90 45 19 28 85 5 23 4 59 25 64 27 15 95 91 33 40 68 85 22 74 56 16 96 92 48 12 63 13 64 64 90 74 10 74 
2 25 80 47 92 52 90 80 55 65 52 53 39 55 73 56 76 26 84 64 53 57 93 22 67 53 57 83 7 36 85 48 24 9 48 7 22 18 44 99 5 27 17 38 46 20 89 16 43 83 15 73 39 69 12 7 19 5 27 20 68 29 41 1 41 50 94 39 91 32 98 36 89 11 77 66 24 18 20 79 93 29 72 40 51 39 62 82 99 27 10 36 15 27 16 59 23 35 72 97 
63 60 7 3 9 50 31 40 62 99 14 83 25 63 20 2 76 45 16 65 6 56 43 69 61 51 69 78 27 60 53 9 9 90 29 26 93 3 26 3 28 33 35 22 26 34 24 64 2 66 39 19 47 83 36 67 11 81 81 80 59 5 32 54 42 93 62 78 98 28 11 72 67 44 36 74 48 96 20 47 81 3 59 54 62 20 68 86 74 98 70 93 78 92 36 93 12 25 53 38 
82 96 78 54 72 4 7 2 48 45 8 90 65 16 0 8 63 26 25 19 1 65 96 49 94 16 35 56 92 93 96 42 69 60 79 65 30 81 59 81 37 84 13 81 23 36 58 34 56 29 7 73 94 64 20 15 93 58 54 16 47 3 34 43 77 93 67 78 10 41 4 64 77 49 8 25 21 70 56 87 35 74 59 59 12 58 55 18 84 54 3 40 66 97 55 96 68 24 21 88 
50 78 36 78 20 21 93 32 25 45 59 19 9 10 23 84 65 65 66 86 21 91 68 94 36 31 68 43 15 68 45 10 80 16 72 72 4 89 63 61 31 41 13 41 52 48 52 26 95 65 76 41 10 72 97 54 81 97 59 82 77 28 50 75 90 85 62 79 4 27 42 13 50 64 98 77 43 65 18 85 56 66 21 6 58 38 93 81 23 3 84 1 72 8 2 41 52 95 99 47 
34 86 84 84 2 62 49 98 47 42 93 24 72 53 39 36 37 2 21 30 46 28 81 36 50 48 26 31 84 35 66 47 16 52 71 97 52 92 3 72 48 42 59 94 86 10 78 61 54 36 73 9 13 57 51 21 81 87 93 2 15 49 21 64 31 3 48 91 79 33 28 35 87 75 83 60 55 46 13 18 50 15 55 51 93 23 34 46 40 66 89 94 33 1 36 18 70 9 50 17 
3 74 65 29 51 4 74 20 95 92 89 6 92 63 48 97 10 19 55 98 95 42 65 13 88 54 78 21 27 19 38 47 83 24 45 45 74 49 93 87 85 53 84 72 28 15 39 64 73 78 66 86 81 73 34 17 98 24 51 99 57 77 59 38 23 2 52 4 65 16 63 51 16 1 68 16 31 66 25 23 16 11 31 67 13 7 70 42 45 18 12 37 31 17 45 16 82 14 79 84 
2 79 75 67 83 47 26 31 38 90 7 24 76 44 20 31 3 91 4 78 90 59 64 69 59 90 31 70 81 35 10 12 71 18 17 25 49 64 82 43 26 70 47 75 97 72 66 9 22 19 46 79 58 86 8 97 56 6 50 89 69 69 31 44 38 73 34 90 68 4 92 58 43 64 69 35 24 51 30 52 20 95 37 4 62 53 64 9 39 72 17 86 3 18 27 74 14 64 61 17 
100
93 17 44 75 52 84 77 20 88 63 86 1 43 85 66 52 97 90 77 24 39 51 35 31 41 72 4 40 13 46 5 35 61 63 22 39 64 78 27 18 52 79 58 45 51 93 16 96 60 73 82 92 54 98 18 18 72 89 10 43 36 35 88 84 30 36 68 24 19 72 32 1 61 70 28 19 8 78 98 83 27 21 29 27 55 97 12 95 17 33 84 10 79 81 2 15 94 36 37 16 
65 79 53 6 96 69 89 18 14 98 58 17 23 94 32 42 83 82 28 58 17 45 48 51 71 30 36 33 42 1 55 70 26 99 30 50 85 98 61 55 94 66 38 78 75 11 4 33 61 24 61 83 63 27 41 17 84 2 48 12 74 64 49 15 95 25 85 75 34 23 67 42 50 24 79 87 44 58 68 48 12 84 3 51 83 86 10 78 59 22 92 37 0 85 29 72 53 47 13 72 
26 1 57 55 88 25 73 53 80 37 6 54 49 70 91 11 13 41 2 44 72 94 10 47 95 73 55 29 88 60 83 73 87 9 96 44 90 68 61 34 80 55 77 5 32 87 80 14 1 84 86 16 98 64 34 73 6 42 65 80 31 88 88 84 89 88 3 28 13 11 5 87 2 32 68 2 9 30 66 89 53 36 13 48 59 82 94 54 56 56 37 8 31 25 79 77 59 22 82 78 
81 96 30 72 97 26 95 36 52 72 12 41 75 43 92 28 24 38 57 2 75 61 68 31 5 43 44 21 21 4 49 43 54 96 48 81 15 45 68 36 62 49 14 52 20 88 65 18 6 1 94 75 36 57 77 65 90 34 90 60 9 55 33 92 26 6 51 14 43 29 18 27 55 8 93 52 47 0 23 61 23 5 0 62 14 28 9 66 98 45 52 54 10 70 31 41 26 44 28 4 
72 99 38 77 11 33 74 63 72 59 12 1 44 90 46 96 19 34 77 55 53 35 21 49 84 45 83 50 21 18 67 51 41 96 3 52 91 78 33 59 26 22 28 48 5 45 88 29 55 83 98 42 62 83 14 22 0 67 50 4 77 79 82 11 66 4 71 1 48 95 84 50 60 91 52 84 72 83 56 74 6 36 89 4 59 42 24 39 73 46 62 57 69 91 45 61 26 90 20 73 
43 56 61 52 2 90 64 51 20 17 89 43 48 85 70 75 35 20 58 26 94 95 37 45 45 66 48 37 58 58 28 52 38 15 67 36 2 24 29 88 74 65 22 85 27 61 86 47 95 29 89 37 96 61 14 33 66 69 0 83 14 2 42 93 70 10 24 93 97 83 46 29 82 55 62 33 84 21 61 47 62 43 41 77 82 5 86 60 24 61 53 46 23 9 51 81 42 62 83 42 
51 84 20 87 81 58 11 75 50 42 5 51 96 34 71 92 34 73 24 14 48 15 5 72 89 80 98 42 5 69 3 88 72 58 13 57 51 15 97 25 39 31 55 2 49 2 70 11 50 7 48 80 42 28 29 84 11 17 71 1 95 95 41 56 74 34 40 16 10 49 90 91 80 17 32 75 55 13 77 59 18 42 11 26 70 91 2 49 11 9 62 85 59 3 29 38 40 24 29 14 
26 54 35 48 88 58 10 43 90 45 83 23 16 89 35 66 60 21 90 57 18 67 32 29 91 21 83 67 38 74 5 70 86 96 50 40 97 99 66 35 12 40 56 16 51 10 26 8 55 42 28 40 6 92 7 93 21 2 23 62 78 79 86 58 89 12 43 72 86 98 12 8 61 7 77 25 71 82 79 98 46 25 91 79 9 99 11 62 28 22 23 15 40 31 59 19 9 75 25 1 
8 79 94 14 26 68 67 55 78 62 97 49 86 77 1 0 92 11 42 49 2 46 92 71 74 88 8 21 42 20 50 50 83 69 79 10 85 42 45 14 34 2 4 39 22 0 9 61 81 18 7 25 0 39 9 84 9 1 54 91 47 14 50 97 70 25 49 77 6 40 70 77 75 99 17 16 34 73 32 49 10 91 15 97 68 14 52 85 23 37 47 15 71 97 6 25 51 83 56 10 
17 59 8 71 72 12 54 93 15 78 97 0 77 98 13 99 78 7 51 34 52 77 16 94 82 15 42 89 48 74 59 75 31 24 54 59 85 90 88 7 23 80 18 8 53 16 35 85 98 86 15 62 53 57 28 50 12 23 85 12 58 75 35 64 65 88 31 45 24 45 29 63 12 62 84 9 94 45 99 19 0 74 4 22 34 94 28 11 60 16 34 19 90 2 1 83 0 96 23 48 
60 1 89 12 19 71 94 98 26 80 14 1 79 24 26 20 76 4 43 27 62 7 20 36 79 11 58 99 15 22 6 95 22 78 0 48 90 84 21 20 66 55 10 26 63 19 47 58 86 9 90 37 83 26 16 41 71 93 78 77 35 20 43 19 29 91 96 66 60 98 46 38 49 2 8 80 4 39 2 58 68 94 70 3 64 71 81 97 85 40 29 88 90 65 1 0 1 69 51 77 
6 73 18 84 47 51 6 22 28 54 97 96 91 57 70 13 53 58 68 6 13 98 62 45 8 36 78 88 62 4 55 77 94 38 97 39 7 84 43 87 18 44 12 24 68 83 55 68 12 26 42 34 16 4 14 14 13 4 35 94 40 73 3 40 84 38 59 90 47 93 35 46 43 40 17 57 73 69 37 29 70 50 41 14 7 47 61 23 6 66 9 14 33 12 50 77 16 85 97 61 
59 12 70 47 7 2 42 34 17 7 51 64 68 58 19 25 95 68 10 80 88 54 9 37 84 82 27 69 46 66 28 88 1 93 59 37 72 79 55 79 93 33 37 72 49 22 37 35 99 94 42 48 12 14 34 6 47 73 94 40 58 96 28 37 41 87 6 45 32 3 56 41 45 44 87 41 12 89 6 73 39 96 66 64 44 65 14 33 8 35 84 47 87 16 19 0 87 11 2 67 
36 41 76 50 41 78 7 25 70 26 25 81 85 24 64 17 2 91 54 29 80 96 52 8 7 88 13 83 50 50 45 40 10 29 21 8 49 39 54 57 98 32 0 46 51 36 52 74 84 67 87 15 5 96 99 16 82 54 48 51 90 96 52 12 95 64 29 18 30 24 99 39 25 86 52 84 31 19 56 4 43 52 58 13 98 21 85 61 34 38 77 22 20 25 81 67 10 32 97 61 
4 87 88 7 62 38 52 51 15 59 51 54 44 66 95 15 64 34 71 25 39 42 70 79 41 23 59 21 17 35 61 90 52 55 65 95 71 16 31 57 48 25 43 66 79 9 52 38 95 62 59 50 96 41 46 88 98 61 7 41 25 64 94 15 6 55 60 72 36 90 92 25 50 10 91 45 26 65 99 61 95 79 26 8 0 14 0 32 26 11 75 63 32 6 66 3 75 60 36 38 
17 92 13 53 52 31 96 64 39 2 24 38 14 81 22 95 11 88 58 51 94 47 55 19 12 24 93 5 75 52 51 38 54 93 67 49 60 61 12 51 70 28 27 57 3 8 85 30 12 28 20 61 11 0 58 88 61 61 81 46 67 86 35 6 80 2 67 37 86 16 38 13 9 37 37 11 16 11 32 68 73 55 19 9 17 66 26 19 84 87 20 80 13 78 24 27 33 7 94 45 
80 97 39 96 0 37 26 36 42 32 70 42 96 28 94 79 2 74 21 87 97 15 74 48 1 98 60 74 7 77 90 71 88 53 45 85 88 34 63 1 27 63 64 26 65 82 96 48 3 9 33 39 80 18 88 57 33 77 72 89 67 23 64 97 85 23 94 67 59 70 10 14 96 54 17 78 28 14 24 27 77 56 44 63 13 76 20 89 5 85 3 81 86 6 56 39 45 52 10 53 
44 52 15 53 97 46 15 70 78 43 6 98 59 55 43 71 95 21 48 5 3 11 96 35 98 26 41 15 53 83 55 16 73 80 74 7 69 51 61 99 2 75 36 46 59 88 74 71 21 58 18 58 51 38 74 26 28 30 37 68 18 60 64 81 24 23 1 31 65 7 38 19 0 33 16 48 55 49 4 10 79 95 14 88 84 8 94 23 36 50 94 85 25 17 31 0 88 61 60 76 
66 29 23 79 41 94 35 44 54 48 18 71 54 55 43 25 84 52 97 21 69 41 87 85 54 4 4 10 98 57 66 17 24 82 64 32 9 43 10 48 11 86 12 67 42 98 1 45 83 85 74 63 86 3 78 17 76 33 77 9 83 32 13 45 67 81 19 94 25 92 96 56 72 94 67 31 82 77 36 35 82 31 89 11 28 9 91 76 32 57 42 74 41 5 87 48 23 65 60 5 
55 66 86 27 26 84 27 90 67 54 30 7 43 71 39 1 15 47 26 53 0 34 73 2 97 10 22 65 51 22 64 44 35 10 57 87 8 12 80 39 64 20 29 24 79 97 8 31 90 88 89 85 18 86 97 58 56 98 41 18 28 68 14 57 43 70 50 69 26 81 7 27 65 13 1 57 26 1 29 1 11 39 6 57 4 66 35 52 40 20 4 14 94 41 17 9 36 88 23 68 
60 1 86 68 87 24 35 84 27 12 9 63 39 94 27 8 21 76 76 3 62 68 0 52 18 0 82 57 95 99 82 47 97 46 78 56 96 63 48 75 33 21 77 78 31 68 93 46 12 39 15 35 29 39 66 3 65 57 57 97 84 93 24 9 94 76 59 18 41 3 3 13 54 12 53 9 48 47 49 6 17 30 17 67 27 91 35 2 98 51 22 40 83 31 71 88 49 72 60 58 
6 42 63 29 44 0 42 13 75 54 13 84 6 72 25 34 22 36 43 71 50 32 84 68 56 22 5 98 65 10 4 11 46 93 80 61 14 7 49 71 32 0 24 91 40 52 6 45 95 56 49 10 37 62 66 63 16 38 95 63 41 77 62 76 40 62 61 47 18 35 21 19 48 89 1 48 19 5 7 30 44 9 20 79 86 60 18 28 37 30 70 70 79 45 93 66 66 91 97 52 
71 53 41 63 22 54 23 31 83 37 49 10 86 1 16 58 89 12 30 10 95 97 30 38 37 24 24 59 45 80 22 65 9 91 96 97 8 94 28 10 98 3 40 28 10 67 35 84 62 28 61 45 93 86 6 36 96 38 19 22 4 83 84 90 52 46 11 1 29 88 25 4 87 30 48 14 38 48 80 6 2 62 46 81 12 90 82 47 26 32 26 17 12 31 89 94 54 45 44 45 
73 7 46 8 67 2 76 77 70 80 30 94 64 61 87 93 75 13 9 12 72 87 52 29 61 20 11 83 81 28 85 56 8 65 87 85 82 70 2 84 43 29 0 49 82 55 20 73 24 69 21 83 54 83 98 11 61 54 63 48 56 90 87 2 87 2 6 15 20 11 78 87 34 90 61 63 30 87 84 24 89 52 65 16 84 26 63 45 23 32 14 53 62 67 77 97 23 68 34 89 
90 32 89 44 40 39 92 63 79 54 50 99 34 90 8 37 89 15 18 34 34 97 33 37 63 6 63 35 66 64 56 93 47 46 59 29 37 82 2 2 59 24 76 21 55 1 66 8 13 25 47 67 84 37 83 48 56 32 43 62 63 0 81 62 94 1 87 83 64 68 83 64 67 76 46 27 79 25 62 39 31 25 58 14 42 94 20 66 35 74 56 43 86 81 99 56 77 3 85 29 
40 36 44 50 61 65 34 56 1 0 26 5 71 31 14 46 48 91 90 67 74 98 62 16 36 7 6 99 25 51 23 77 83 27 12 0 59 66 37 17 28 35 88 25 59 92 1 26 95 87 27 76 36 24 59 80 15 89 0 3 83 52 90 0 28 53 67 37 73 95 83 77 16 87 49 99 14 93 46 39 15 21 33 58 13 93 81 96 14 54 6 99 74 0 39 1 41 34 74 9 
75 44 42 38 86 14 78 30 91 79 47 10 86 91 14 87 6 74 43 65 66 35 88 78 73 84 66 40 78 21 73 44 5 65 72 63 40 28 59 98 17 22 7 54 94 37 74 3 95 77 76 99 77 52 32 98 0 98 27 66 60 16 21 14 55 68 98 93 41 48 63 96 55 24 97 42 81 59 90 67 47 2 5 17 93 85 52 1 8 39 72 29 33 10 65 5 23 28 59 29 
72 99 58 36 66 44 79 81 86 61 94 6 2 50 1 77 91 22 62 76 26 7 38 22 81 83 82 2 50 73 82 59 8 58 85 14 14 53 48 24 51 89 6 95 0 32 51 68 1 42 84 78 58 96 99 62 56 38 12 14 41 38 92 11 85 60 27 79 79 42 73 41 15 69 58 68 70 29 53 90 23 22 34 85 31 83 32 53 2 99 5 40 47 57 96 92 81 99 48 78 
81 48 97 89 36 15 30 92 2 47 3 19 14 59 65 43 62 74 34 3 0 12 54 60 11 71 66 42 56 11 69 91 73 0 47 74 26 72 39 99 14 72 22 81 88 44 83 21 44 2 19 65 36 61 77 1 8 23 51 13 70 57 53 88 78 92 50 94 82 10 79 46 58 58 60 40 45 64 35 23 32 22 93 88 32 32 6 24 40 30 17 14 84 74 97 19 8 1 93 99 
25 20 46 77 22 56 62 7 62 50 56 22 74 73 72 59 26 98 82 22 79 20 3 98 57 30 50 81 95 1 20 27 51 61 76 46 8 6 73 14 36 88 14 67 12 97 81 10 97 80 89 74 84 11 47 89 96 71 92 93 88 76 82 95 70 3 20 79 51 23 67 99 59 87 45 37 99 74 13 67 50 56 50 46 58 11 84 19 55 11 60 76 62 43 87 17 7 22 47 99 
45 99 60 43 56 87 54 2 75 24 46 72 22 84 91 67 38 30 7 17 57 51 60 78 44 78 66 53 93 66 35 79 60 72 78 6 19 87 24 99 58 82 8 41 66 75 18 76 27 83 34 20 4 8 40 93 38 80 69 93 60 17 60 35 91 6 65 80 74 19 0 64 80 1 28 55 32 34 14 96 6 20 3 76 30 85 78 20 63 55 45 40 62 6 89 1 34 15 40 21 
17 43 9 19 67 41 51 47 21 62 41 46 0 8 45 65 3 0 11 92 96 15 76 15 94 79 60 30 50 15 11 48 44 54 23 18 32 27 90 9 76 35 35 52 81 35 92 50 3 1 29 14 87 75 12 99 8 0 4 19 90 42 68 68 83 60 77 8 24 46 27 21 59 21 92 93 65 76 83 47 16 49 98 4 1 0 55 46 22 57 60 39 69 83 95 49 14 12 66 98 
11 9 49 20 86 48 29 61 93 40 13 96 73 4 81 95 11 9 89 87 35 45 57 25 72 50 82 30 65 45 60 0 39 90 0 21 65 4 24 0 19 41 87 86 57 32 32 41 53 55 37 52 43 12 4 7 12 48 13 27 63 94 33 22 54 53 34 15 82 18 39 16 66 72 51 77 16 90 27 82 51 70 61 74 49 56 62 48 67 30 80 95 82 73 53 46 12 64 38 89 
41 79 7 26 47 96 22 47 5 40 96 61 27 36 20 45 12 97 11 31 34 76 8 64 84 50 30 68 60 31 10 25 69 64 65 27 29 97 55 19 70 26 42 99 86 49 59 18 10 44 9 13 39 30 54 34 4 62 7 91 96 9 77 95 87 45 20 24 83 31 59 23 32 59 49 24 36 61 51 16 14 90 83 45 2 11 73 4 66 51 51 62 76 71 98 64 79 18 76 82 
52 47 79 25 85 90 86 68 35 92 87 56 9 40 28 45 22 99 82 46 0 58 61 78 30 35 58 8 0 35 13 84 86 61 21 68 53 56 68 48 69 80 45 25 7 53 79 30 17 37 32 51 37 1 0 14 58 43 77 59 48 39 65 10 19 20 9 45 70 95 82 54 85 12 3 47 19 72 17 49 98 28 84 66 71 50 40 9 54 94 90 90 32 52 83 35 84 35 10 79 
36 31 29 49 28 74 20 37 7 59 15 59 75 67 89 35 65 92 35 38 60 39 77 64 93 66 95 74 49 55 41 68 28 48 68 9 30 10 69 42 65 45 98 80 71 19 18 83 39 54 60 35 83 79 75 74 88 16 61 75 93 8 73 62 55 61 62 58 31 38 46 56 95 79 10 20 20 29 68 91 94 63 47 34 25 78 88 13 94 43 73 9 57 37 10 98 95 2 42 92 
12 91 51 92 62 73 22 93 46 98 91 20 76 84 58 77 2 61 42 62 98 25 97 23 39 5 70 6 86 4 31 95 30 95 75 20 21 68 36 15 16 51 92 15 30 66 39 92 72 43 67 87 27 93 74 94 14 83 73 33 55 19 80 86 24 67 52 71 31 57 68 92 59 88 88 14 31 14 40 57 58 16 17 84 24 46 44 14 80 31 51 2 10 70 87 65 10 72 73 6 
72 18 93 74 87 31 65 79 30 97 34 2 70 11 6 37 86 41 40 53 2 65 53 1 83 96 83 80 30 20 82 57 53 56 85 56 34 4 51 97 95 64 94 89 74 70 71 49 75 12 5 8 42 94 46 40 77 41 85 7 96 30 51 63 77 82 67 77 1 56 46 49 75 68 76 64 9 66 81 85 64 5 91 84 66 74 8 86 94 81 7 45 74 94 36 92 64 95 98 98 
99 72 14 33 38 80 33 77 99 1 45 81 65 4 52 83 48 34 89 9 70 49 20 28 34 43 58 84 90 52 72 42 76 99 42 42 77 13 64 38 78 85 74 7 26 91 23 29 35 5 47 28 15 34 26 22 26 66 23 32 72 81 13 71 79 21 16 94 80 73 99 96 91 0 95 47 81 39 70 25 12 86 43 12 26 67 34 56 33 94 33 42 67 77 13 96 52 54 36 53 
54 40 33 49 99 8 32 85 2 37 48 50 10 69 51 75 84 97 49 61 38 66 18 10 72 99 88 9 93 14 75 31 63 79 87 88 16 14 54 65 11 46 14 17 71 54 1 19 95 88 19 89 71 4 44 19 31 18 35 41 76 80 31 85 91 90 36 86 64 18 45 22 23 98 87 72 83 16 6 93 26 58 45 25 33 13 83 47 89 81 10 28 61 48 47 15 98 67 52 30 
65 20 0 63 88 88 41 74 91 28 69 77 7 72 0 4 9 32 59 20 98 0 43 54 55 24 20 51 95 31 48 38 93 3 6 51 52 85 66 41 8 43 2 13 1 10 86 77 73 30 24 44 1 73 5 76 23 10 89 69 33 68 24 98 98 57 35 71 23 55 93 91 43 97 27 75 15 96 45 98 39 47 67 21 4 61 7 65 35 33 75 65 25 26 73 10 12 0 59 98 
80 87 34 83 23 66 42 85 81 47 95 44 72 95 51 12 74 21 27 93 46 63 13 58 5 92 14 28 65 11 38 45 58 69 39 31 46 97 50 21 43 60 38 32 18 65 75 83 74 90 4 17 79 93 15 59 62 52 80 29 95 97 6 12 43 38 65 34 92 82 9 63 29 95 78 75 88 97 52 24 55 4 39 19 74 29 21 29 48 42 72 35 99 24 60 29 27 39 86 59 
50 21 12 36 4 83 4 36 28 18 33 19 98 18 52 78 76 19 87 20 7 2 17 65 45 67 56 92 76 78 93 2 57 89 95 70 55 80 51 62 19 97 7 19 27 72 69 79 53 93 10 13 0 42 53 30 26 62 17 84 76 5 67 3 37 32 21 77 69 2 29 45 44 96 43 30 72 3 57 0 46 63 78 93 72 70 85 30 1 56 5 13 33 5 8 73 2 8 18 91 
54 52 80 13 25 39 74 30 42 3 5 67 33 75 2 89 27 49 38 21 75 21 31 25 33 49 86 40 25 33 99 31 9 63 26 41 75 63 18 78 8 37 72 74 42 5 99 95 67 99 44 58 58 3 54 76 11 72 48 9 0 47 12 16 88 48 42 91 7 17 83 37 33 4 28 78 99 87 33 15 48 91 87 0 72 55 67 17 79 4 55 86 47 71 27 46 93 48 27 34 
70 79 6 31 80 45 19 61 87 26 57 20 32 50 94 90 11 80 22 45 32 61 57 90 30 97 43 86 29 41 72 16 29 48 40 56 64 57 86 29 13 33 91 33 47 10 46 44 64 45 70 72 45 67 38 10 27 6 28 39 78 53 60 90 34 39 58 20 83 9 10 67 45 61 30 14 31 25 42 56 99 44 28 59 60 28 68 5 93 73 0 63 20 37 76 96 62 87 55 70 
52 84 46 0 36 22 54 27 31 53 75 97 82 72 38 82 48 12 0 56 5 62 43 27 68 15 37 92 38 72 44 1 98 5 15 57 76 19 36 89 39 48 83 36 92 94 63 62 21 58 27 84 26 60 25 12 98 74 0 9 52 63 61 49 39 91 75 24 28 77 42 21 87 22 95 76 80 80 15 64 21 18 68 20 28 5 99 72 65 7 86 5 25 27 82 15 7 2 56 27 
13 69 32 5 47 60 11 77 12 31 45 8 12 40 65 32 56 51 26 14 81 5 45 89 14 23 2 85 29 92 87 17 9 3 99 28 76 90 17 23 51 39 71 45 21 39 71 65 61 55 98 18 86 74 74 48 21 36 41 0 35 76 40 6 74 94 29 70 96 26 0 72 22 77 38 2 61 14 64 0 86 69 53 62 63 63 95 33 38 79 48 55 16 1 55 56 6 2 29 5 
82 93 15 7 19 59 41 22 86 36 52 0 95 24 72 4 22 65 36 71 54 60 46 65 80 57 25 22 43 52 88 82 31 62 19 50 16 88 38 70 57 27 73 19 18 44 53 24 65 47 54 36 13 42 99 94 81 93 1 52 76 96 60 69 98 41 38 53 48 56 86 76 97 54 70 0 38 98 29 21 1 86 54 41 54 51 81 13 23 41 85 79 76 33 87 48 48 63 62 33 
55 16 86 49 1 21 83 41 72 75 74 34 3 8 18 44 92 88 64 90 61 47 53 64 58 6 38 30 75 8 25 54 20 32 40 74 87 5 33 90 37 4 52 33 79 23 15 95 15 90 84 78 34 67 41 34 21 80 59 18 36 98 16 93 47 91 73 77 40 88 51 0 59 26 88 49 49 75 34 60 78 31 66 91 45 72 97 78 80 74 70 32 81 80 42 34 7 20 15 7 
95 63 38 89 0 9 96 68 26 79 74 27 95 14 97 56 34 74 86 93 1 87 50 19 31 37 54 37 36 90 49 14 52 41 25 36 23 9 45 73 93 33 56 83 43 20 6 98 87 18 46 44 0 47 5 45 31 72 16 18 34 98 47 56 64 60 2 48 29 86 39 9 31 42 33 21 88 1 84 36 80 88 82 28 56 66 41 21 71 24 49 51 2 24 81 86 32 68 31 30 
27 22 4 85 16 81 57 27 42 50 65 95 12 79 20 13 28 29 60 89 86 17 62 77 39 58 10 77 90 13 96 82 35 36 27 63 85 42 46 14 50 67 41 20 92 58 73 58 59 31 24 32 96 66 52 34 3 27 61 38 25 19 24 66 65 93 19 48 26 54 86 5 13 17 93 9 70 1 53 37 70 99 53 92 82 52 21 38 23 17 72 13 24 10 19 79 66 10 83 19 
1 19 70 36 71 22 62 75 94 96 25 49 37 94 10 37 82 4 67 55 64 35 18 16 45 80 1 95 27 47 99 15 89 47 85 87 18 82 5 2 58 81 33 42 12 86 24 91 43 63 14 90 19 43 86 54 90 16 22 81 21 49 71 91 38 4 57 46 20 36 33 47 42 68 0 4 64 62 52 54 98 24 17 94 82 84 87 83 10 14 40 50 51 29 68 48 69 6 59 36 
23 33 94 98 85 40 18 58 63 90 34 81 15 90 78 76 82 66 80 87 57 62 59 35 39 8 14 73 6 63 32 36 42 92 65 86 24 31 14 68 96 69 98 65 73 76 69 88 69 29 39 18 10 55 89 13 55 71 53 67 77 7 43 42 62 3 99 37 30 10 37 29 37 82 66 7 8 37 28 34 88 36 58 27 65 49 90 79 61 60 91 19 63 86 76 56 17 29 77 74 
51 45 20 59 81 61 59 65 97 77 78 6 70 81 55 7 86 73 15 28 16 57 28 61 56 59 2 73 55 28 60 71 99 63 61 47 98 86 15 9 65 20 60 45 11 89 34 29 57 21 66 83 85 93 99 63 87 44 99 91 8 19 82 99 55 99 25 0 51 32 69 94 73 98 5 73 15 31 79 4 96 39 82 76 21 65 29 61 50 18 6 27 24 69 68 2 51 46 95 57 
48 17 37 0 64 89 54 43 11 45 4 73 29 95 82 52 50 96 77 32 83 34 95 4 77 31 37 78 86 82 7 49 50 40 71 13 46 63 29 83 94 42 18 40 58 47 61 83 44 77 43 90 18 6 55 64 78 5 41 45 71 42 72 15 82 7 6 55 39 49 10 48 50 79 95 47 41 31 3 31 8 83 7 84 9 79 83 29 59 7 73 58 8 12 76 8 80 10 56 14 
98 32 78 81 24 81 49 6 51 64 26 99 74 45 53 83 24 2 74 78 61 52 27 90 51 27 47 83 71 6 90 57 79 54 86 69 27 42 75 38 39 51 18 5 37 52 78 49 5 93 70 37 72 70 11 59 83 79 79 7 26 91 17 35 9 75 59 74 51 15 25 87 43 37 10 23 58 92 18 82 42 57 73 47 75 30 13 24 40 32 76 19 93 10 93 72 18 88 15 5 
80 2 44 53 71 78 83 69 3 90 66 17 30 78 21 49 27 46 25 94 46 79 52 40 46 50 97 99 86 39 50 41 75 41 20 41 13 92 62 17 36 57 21 80 74 36 99 97 21 6 91 38 31 23 17 63 73 58 72 41 1 22 89 28 34 37 62 55 99 62 43 67 44 95 67 33 18 31 84 72 84 31 59 86 85 18 76 56 32 1 99 40 75 49 13 94 39 4 73 83 
59 27 29 86 63 43 45 94 4 89 2 20 53 21 36 76 23 64 68 0 72 85 62 50 17 29 71 4 66 47 94 11 55 82 55 68 93 20 76 30 38 28 11 24 43 62 80 38 18 23 25 90 66 9 60 13 61 7 37 92 27 83 66 2 34 48 85 13 16 19 25 23 87 5 83 45 35 20 86 66 3 17 3 80 29 80 34 40 65 53 83 50 97 45 53 30 67 70 37 10 
33 34 86 74 46 99 45 36 15 28 51 99 39 82 63 8 70 94 13 80 18 26 96 39 0 15 27 99 34 87 3 43 5 63 84 29 42 44 63 86 45 85 18 67 94 39 69 8 96 83 2 13 62 54 78 21 65 54 36 87 43 26 61 93 69 84 93 55 34 22 53 96 62 0 76 46 64 26 1 57 30 22 18 9 14 49 77 55 19 89 59 1 53 95 41 71 4 1 75 0 
96 82 96 97 28 8 58 17 32 45 55 42 66 69 80 83 53 48 42 60 36 15 69 36 73 94 13 95 49 72 1 13 66 68 51 19 62 86 37 73 90 3 30 76 63 94 14 21 10 97 74 5 70 31 15 66 92 16 71 92 59 1 82 22 62 79 7 11 60 64 69 85 89 28 83 45 63 30 69 58 20 27 53 45 30 37 29 10 32 47 94 29 63 5 92 45 7 74 87 12 
66 86 92 65 31 65 79 14 30 18 84 29 52 19 76 3 73 14 55 40 39 75 41 52 84 6 89 78 67 71 78 62 5 43 7 34 39 74 0 46 92 93 14 16 70 32 24 1 98 13 48 45 13 3 73 90 53 76 7 23 95 71 57 81 0 81 71 42 14 61 21 13 28 53 13 26 10 44 53 94 45 76 33 39 81 22 62 97 23 62 21 35 15 96 14 32 43 63 27 39 
7 7 48 13 81 53 67 43 27 82 90 96 60 56 90 18 48 88 76 77 56 33 57 61 60 30 80 28 85 33 38 65 48 15 76 32 67 35 49 13 44 74 92 71 5 33 52 31 97 10 62 19 0 45 5 96 15 31 86 64 50 42 36 88 75 42 53 70 55 71 61 96 5 61 9 61 83 39 53 12 38 84 60 77 14 9 62 95 88 20 6 91 60 61 60 31 45 77 29 48 
92 96 32 5 61 22 19 29 74 58 45 59 15 71 84 80 19 37 29 35 7 90 38 85 28 43 46 23 27 3 18 78 51 0 84 26 70 12 38 92 89 92 48 37 32 87 10 80 54 23 5 23 62 9 34 94 41 98 7 2 94 29 83 3 28 59 4 33 36 45 55 8 54 16 51 10 38 54 70 30 6 4 50 51 28 35 48 0 59 80 93 65 82 75 22 28 9 98 93 71 
21 16 21 50 2 72 77 95 48 57 84 15 57 41 19 51 23 56 97 16 48 25 15 88 22 77 5 69 77 99 45 61 92 55 90 10 63 41 23 95 86 46 59 55 70 56 85 45 19 81 5 53 14 91 8 18 74 98 23 26 25 6 4 47 80 23 19 46 33 58 44 47 42 31 37 71 31 84 82 85 44 18 30 7 61 36 97 17 14 76 91 82 37 97 24 21 43 80 57 55 
32 59 57 12 94 16 12 68 57 3 73 73 48 37 31 83 87 94 97 95 17 22 98 84 36 88 37 41 18 73 20 56 59 70 50 87 10 51 96 10 78 77 59 40 46 28 39 0 47 93 11 67 45 10 89 60 94 27 60 23 62 73 63 7 46 82 32 99 11 98 68 23 14 33 40 65 53 31 87 3 52 40 69 39 2 15 1 40 95 23 27 80 75 87 69 56 14 22 88 97 
54 45 87 29 31 79 34 1 61 15 62 76 83 52 26 3 56 11 42 60 9 42 22 71 37 82 47 56 40 81 52 60 15 25 22 27 25 31 96 38 26 31 0 48 66 42 53 25 12 81 61 60 79 74 14 68 66 92 39 3 9 58 70 45 43 21 9 11 21 22 55 73 23 58 82 43 85 85 77 11 35 12 51 51 79 70 35 57 93 54 73 32 87 45 11 89 13 78 47 43 
30 93 55 3 12 57 74 82 21 17 27 1 47 59 94 16 20 58 33 95 5 77 58 86 7 74 7 45 72 6 48 87 76 28 86 15 99 21 8 65 30 76 57 98 0 86 62 28 94 35 34 67 56 51 71 13 87 44 15 31 62 80 97 75 61 7 74 11 61 29 19 0 78 88 29 15 66 90 58 87 14 9 13 2 88 65 3 1 14 50 53 94 32 47 3 46 54 85 85 44 
29 0 21 86 60 50 72 39 26 24 1 15 22 80 46 9 65 21 23 32 36 13 28 84 99 10 50 57 5 68 6 26 13 0 18 2 80 4 69 66 12 95 42 48 82 72 41 92 74 19 83 66 75 37 8 2 85 37 27 48 82 59 25 83 7 31 44 60 10 79 64 81 71 65 21 91 99 87 54 77 27 39 7 1 58 84 20 37 39 23 25 85 83 41 38 81 22 25 12 31 
39 62 79 72 93 97 13 1 57 98 91 15 76 87 74 92 59 73 24 91 57 36 31 67 34 17 85 87 12 90 40 61 28 94 56 49 39 43 68 52 68 2 11 58 95 97 95 17 68 7 5 21 9 89 17 9 55 11 53 26 12 32 47 69 88 70 94 61 86 2 93 92 24 5 63 97 84 93 18 27 77 71 17 45 83 32 40 32 66 28 90 63 59 88 91 67 14 52 83 75 
6 75 55 31 45 32 30 41 12 45 86 54 66 21 72 68 88 1 90 98 18 5 48 98 70 27 68 65 87 81 82 44 12 66 54 24 72 98 31 17 12 88 75 92 71 22 79 1 9 21 17 26 2 52 48 16 48 62 93 52 76 79 32 53 54 86 79 47 19 50 7 38 69 12 0 22 64 69 70 45 68 89 85 47 93 88 80 13 31 38 15 47 98 9 82 22 94 25 64 34 
27 44 30 47 83 38 47 26 58 59 33 48 73 2 60 13 33 80 25 80 67 12 76 54 19 82 60 20 89 36 34 96 22 96 46 4 31 83 28 12 59 68 44 11 23 44 90 61 74 70 2 61 83 4 40 76 40 73 15 15 73 16 90 76 38 22 82 41 41 10 10 81 60 50 70 3 74 94 94 30 78 6 47 31 93 12 70 69 2 62 45 91 91 80 15 19 13 94 77 0 
82 76 52 91 82 36 15 47 3 90 14 49 67 87 27 80 38 34 91 81 46 43 39 5 13 76 30 18 15 54 6 81 92 76 40 81 19 62 55 78 39 50 64 83 96 80 71 68 33 56 91 9 40 63 35 96 96 49 52 74 12 43 62 59 89 59 5 54 25 90 96 70 54 95 61 77 50 87 62 3 65 19 89 21 96 93 46 62 43 17 84 97 60 19 44 24 56 38 16 37 
99 77 92 81 66 26 5 81 31 41 77 9 2 52 36 28 91 50 98 5 44 36 33 55 64 10 38 65 60 80 45 81 65 66 24 39 57 98 47 47 48 99 89 14 35 4 22 6 94 31 5 89 60 2 14 31 90 24 71 31 93 91 43 50 50 43 57 59 94 19 88 60 69 29 42 23 14 2 99 50 2 14 85 23 81 96 63 67 84 90 28 72 79 67 93 22 17 77 74 70 
32 67 29 78 86 85 12 82 85 55 34 84 86 24 18 62 4 32 70 56 35 60 43 4 48 45 24 90 74 98 21 28 40 56 97 91 22 15 26 37 87 69 37 66 93 0 72 40 59 35 16 87 13 52 96 92 91 98 44 72 42 55 51 50 9 96 31 99 25 16 89 92 21 5 21 87 90 99 30 46 36 68 56 10 69 96 52 69 30 70 36 80 17 26 24 46 79 73 53 65 
74 37 97 32 16 89 11 51 18 53 43 51 64 50 35 66 34 17 89 6 42 90 86 53 28 20 92 44 62 69 10 50 31 87 52 17 37 61 3 50 86 64 9 87 72 49 19 60 76 45 68 13 14 79 28 66 52 82 7 53 99 13 78 88 50 36 11 74 56 4 7 0 95 47 44 76 62 13 97 71 80 94 92 77 42 18 2 5 93 26 10 62 18 77 57 46 2 3 97 56 
1 68 15 86 31 99 34 62 20 78 96 48 69 32 68 5 61 77 70 57 50 16 81 28 2 53 78 7 19 58 62 6 42 8 81 45 7 3 79 39 35 45 17 44 64 10 78 60 0 67 16 7 79 57 9 57 43 53 88 58 55 41 93 19 80 39 72 39 26 83 38 77 67 33 99 53 87 98 10 21 73 23 62 24 15 43 89 74 30 38 5 15 80 46 73 39 19 48 81 26 
37 75 32 47 0 66 31 55 26 84 78 83 18 23 37 64 22 97 70 56 34 13 86 44 92 3 34 19 64 25 78 56 96 47 47 86 1 78 65 12 71 91 99 47 14 98 98 75 39 59 97 12 77 66 93 9 50 28 77 15 92 8 20 31 17 97 13 9 26 87 29 23 72 58 14 72 73 15 31 83 32 97 91 31 72 2 34 51 96 12 47 19 6 19 49 2 76 59 88 38 
26 33 64 84 25 51 4 33 56 60 31 4 21 89 25 82 67 78 89 14 87 73 79 93 84 74 47 48 25 59 38 73 84 11 77 1 67 91 13 84 21 19 75 27 93 70 83 92 42 58 13 32 36 72 72 84 23 69 11 42 48 57 79 50 50 82 36 16 23 8 97 90 32 82 65 62 40 21 29 9 75 24 84 3 49 36 14 59 70 42 78 75 1 25 93 84 87 58 7 3 
22 25 60 99 69 47 52 45 48 89 93 18 41 95 22 80 53 10 86 78 57 66 60 79 88 26 22 39 36 36 98 60 48 49 21 93 16 22 87 99 89 73 4 83 10 4 11 62 62 34 27 88 82 18 26 35 3 56 17 1 53 62 41 0 74 96 64 85 66 81 73 66 20 40 91 12 15 28 42 21 83 8 50 43 55 28 16 80 84 16 85 54 47 42 19 60 97 98 66 31 
47 14 97 68 11 12 64 76 95 11 84 36 89 12 17 44 52 86 11 87 58 98 50 69 79 34 67 69 33 88 41 73 7 60 98 29 51 82 33 36 22 62 30 4 97 3 89 65 15 55 24 89 33 53 17 22 64 84 26 37 61 46 63 93 93 50 39 27 55 11 97 9 45 61 86 55 72 6 65 42 44 67 82 15 89 14 74 4 71 52 8 33 65 33 0 74 0 87 86 54 
11 22 3 35 0 57 38 35 39 50 57 65 42 44 99 42 2 30 24 37 48 14 25 97 44 76 77 21 61 26 46 75 4 91 91 54 91 82 17 37 94 15 92 98 75 75 61 25 24 13 4 93 3 24 43 0 95 70 36 66 12 46 3 10 49 24 66 38 33 7 1 52 8 85 96 49 92 40 72 44 70 84 85 43 95 69 61 40 28 68 97 37 86 37 53 93 54 62 96 3 
80 49 83 60 24 22 76 20 81 50 44 49 59 43 18 60 69 3 86 63 20 56 77 34 49 1 45 49 91 80 2 70 52 49 74 72 84 64 27 72 4 37 74 64 39 76 89 13 78 18 15 95 62 16 52 85 84 44 10 71 12 8 56 84 74 96 48 8 25 34 14 99 40 52 25 63 57 65 88 18 70 33 80 32 37 63 0 77 92 19 91 26 43 10 37 40 52 13 69 35 
0 95 50 67 90 68 2 70 56 96 63 27 60 49 25 82 98 42 0 84 65 47 9 55 71 73 21 91 19 17 48 83 45 27 76 32 53 96 12 6 80 64 30 75 73 51 40 78 80 8 81 59 51 55 33 25 93 38 9 43 40 99 98 97 10 89 46 7 72 74 35 45 18 66 47 7 79 49 7 19 29 85 39 12 52 40 13 77 75 75 68 82 73 98 42 42 86 45 43 58 
43 21 81 52 10 30 9 61 64 59 69 37 10 66 35 5 54 96 2 26 67 26 93 57 52 57 11 74 59 22 86 51 90 19 66 44 64 70 98 11 30 53 89 0 46 49 50 60 42 84 43 17 95 34 52 95 1 42 53 54 84 70 86 18 55 28 31 35 37 12 87 18 91 94 8 68 85 15 50 30 34 49 37 9 5 26 49 10 16 66 10 0 53 9 30 34 44 74 0 64 
71 21 85 17 93 58 39 64 80 1 75 51 81 73 64 59 5 99 5 24 54 53 92 66 22 87 53 94 49 82 61 9 76 99 23 13 62 28 27 19 10 16 34 4 63 68 18 51 60 17 81 37 27 80 59 12 2 91 98 46 77 26 49 73 41 63 34 67 81 79 72 59 16 66 67 81 59 61 8 65 95 58 21 71 54 18 79 88 29 42 47 83 13 39 17 67 91 16 16 47 
35 96 3 99 96 26 17 56 83 17 34 94 37 59 39 21 19 91 32 65 0 89 3 97 73 10 20 90 16 13 83 82 61 52 64 63 67 6 70 60 16 27 16 33 7 91 16 66 7 84 97 96 81 93 39 81 40 31 2 64 95 8 26 52 31 93 60 7 24 8 16 27 2 25 74 58 74 51 30 47 90 15 44 21 18 49 0 77 96 39 13 7 19 66 65 57 75 0 17 56 
24 10 18 55 78 43 49 80 56 45 18 75 66 65 10 6 60 88 32 44 45 92 40 40 35 82 78 83 12 56 21 82 4 66 7 22 39 10 74 78 75 4 48 7 52 68 49 7 7 65 75 2 42 90 70 0 44 12 96 97 98 78 7 60 79 23 0 4 61 48 5 48 24 73 17 98 13 53 49 33 96 53 10 90 80 70 99 70 49 73 78 7 36 33 73 4 75 81 88 66 
21 89 94 97 76 92 64 47 57 99 89 62 82 55 32 45 61 79 26 23 57 68 55 43 76 78 85 66 14 74 2 17 25 3 21 49 52 87 36 26 37 66 83 74 44 79 92 56 85 37 7 21 17 3 28 42 60 35 71 86 73 51 95 61 42 93 2 25 93 52 91 0 10 80 33 65 36 1 27 80 47 86 0 33 3 7 16 4 44 62 16 5 40 99 48 75 25 0 64 81 
21 32 53 63 86 16 91 68 13 89 83 73 0 9 7 24 54 0 19 17 24 84 61 54 50 53 78 75 15 35 56 9 98 86 73 60 92 69 36 21 65 38 50 34 41 54 1 15 97 19 39 79 71 89 52 52 56 54 46 13 36 45 89 13 68 52 39 54 19 6 26 35 13 95 25 66 34 11 17 43 49 53 8 46 40 63 20 96 40 97 93 5 21 75 62 83 33 3 66 37 
2 43 25 23 95 45 84 78 17 92 60 77 97 62 18 64 47 14 5 63 35 72 21 34 73 9 67 53 75 55 77 53 74 76 0 75 80 2 30 71 15 72 15 90 83 19 53 25 79 37 25 33 75 74 80 64 29 95 72 17 6 58 83 26 66 13 11 94 40 27 24 74 22 25 67 39 78 68 81 87 85 47 46 7 17 52 34 2 76 31 49 80 98 11 83 71 64 12 79 24 
66 42 42 27 73 69 53 42 26 59 49 46 83 13 26 52 77 27 62 11 49 77 39 75 24 30 40 69 28 58 92 49 64 7 95 79 50 47 53 27 26 44 44 10 2 45 57 72 91 88 26 38 33 16 16 59 9 20 56 96 17 62 73 0 14 38 87 37 68 73 12 20 87 20 69 53 20 96 56 55 25 34 95 76 0 23 43 19 31 40 86 1 39 14 4 91 18 40 27 3 
12 19 52 90 50 59 20 37 12 72 87 0 92 45 5 25 12 34 21 55 46 31 40 32 34 36 55 63 76 16 48 47 68 18 17 49 85 53 23 72 4 80 65 50 26 47 73 7 95 16 61 69 43 6 16 26 53 20 78 28 43 93 33 64 53 69 92 4 62 49 25 88 58 50 79 35 18 43 57 73 78 48 79 82 75 26 41 54 24 54 22 14 21 71 88 21 52 73 58 20 
83 38 88 47 40 76 44 6 9 97 99 33 23 65 73 16 75 56 58 35 21 61 63 94 44 46 25 42 27 19 85 73 55 99 8 7 13 66 56 4 77 30 60 45 52 39 72 7 27 92 93 66 81 61 39 59 62 24 35 5 71 90 60 74 7 63 36 37 59 89 32 82 97 21 66 38 76 46 71 36 88 38 61 50 48 49 31 90 7 95 24 43 51 93 50 61 94 55 0 46 
73 73 20 16 95 68 63 2 52 29 93 46 87 13 8 56 58 50 92 45 77 67 81 29 78 79 2 5 93 48 36 6 17 20 92 34 12 87 59 90 33 64 45 44 88 54 52 90 15 98 14 52 75 67 71 71 76 99 40 42 94 87 67 1 45 96 45 51 85 74 38 50 28 21 98 0 16 96 62 95 97 12 93 36 22 54 45 64 40 97 45 87 26 84 53 74 36 5 42 93 
0 90 58 9 1 4 60 38 7 76 36 22 86 19 73 57 44 51 68 5 3 49 39 27 82 12 77 70 29 94 96 52 53 58 45 21 60 74 38 26 30 5 91 44 75 17 25 78 67 3 18 33 50 10 21 51 82 87 58 2 47 4 1 19 61 70 81 17 64 63 58 69 30 54 79 57 56 6 42 29 2 4 13 54 30 41 7 46 63 92 96 32 1 29 69 26 45 29 60 43 
48 86 57 77 11 71 89 59 48 1 2 73 77 83 57 87 64 20 36 96 46 92 3 95 15 21 61 84 92 28 2 63 77 30 28 87 93 99 9 13 91 2 47 32 71 19 49 99 16 28 58 68 8 32 45 89 94 63 3 15 95 1 33 11 81 13 41 51 31 85 27 22 31 77 33 62 51 91 96 88 2 9 8 99 25 96 5 25 2 88 60 5 7 25 5 18 13 17 53 8 
8 50 46 55 84 35 11 71 71 19 25 45 41 18 62 2 72 42 11 16 78 65 22 16 52 40 22 26 23 2 92 73 62 25 0 48 18 22 4 71 50 26 87 85 53 42 13 42 44 22 25 68 53 94 48 87 36 22 22 85 7 29 6 97 29 87 11 45 3 93 0 38 77 41 30 94 97 33 91 3 41 4 71 49 84 13 54 23 7 55 84 92 22 40 50 89 74 6 83 99 
61 83 27 58 81 50 84 33 2 77 39 88 39 28 86 29 9 86 32 49 1 81 22 84 96 10 55 23 2 89 33 39 10 92 2 62 84 52 78 90 55 57 33 86 72 5 88 23 22 63 95 29 83 80 37 98 27 25 84 43 10 50 13 62 78 46 77 47 73 42 20 59 23 61 8 20 62 67 12 74 13 10 17 57 22 36 84 72 84 42 36 74 72 50 87 57 76 2 19 64 
52 86 43 50 92 51 86 89 38 56 99 75 56 16 95 11 22 56 27 13 21 9 21 31 89 27 83 2 22 72 72 0 87 54 86 89 17 36 50 95 28 5 16 60 58 7 29 24 64 83 13 26 14 89 75 21 55 76 1 84 1 97 79 86 98 2 3 77 87 66 5 29 75 8 39 58 94 17 51 22 87 2 72 32 77 12 95 33 86 49 40 28 52 37 60 47 26 73 77 46 
92 42 91 61 78 96 68 40 35 8 72 89 63 62 85 75 44 84 2 53 45 48 23 85 1 73 90 88 20 74 67 49 13 51 62 35 35 61 16 94 51 14 36 59 72 64 85 83 28 32 0 94 35 33 99 11 96 57 6 2 26 50 77 59 40 47 16 32 32 46 4 55 22 60 10 17 9 70 4 18 44 59 47 40 32 59 92 80 29 58 93 53 82 96 78 61 45 70 53 75 
