2
30
14 61 61 36 14 45 8 95 91 22 48 80 51 12 90 12 26 25 48 97 96 97 30 5 21 30 55 64 98 51 
26 16 91 60 35 88 89 25 26 81 14 80 97 51 42 0 22 71 11 92 32 67 5 94 32 77 94 79 74 30 
39 54 0 79 51 66 75 2 11 94 58 89 59 12 36 85 26 87 55 75 49 55 98 38 71 73 78 61 49 45 
93 32 80 18 99 80 38 3 98 95 75 5 87 33 26 64 83 98 66 87 40 63 27 82 81 84 79 3 74 69 
12 14 83 5 51 49 31 32 78 84 9 8 15 32 38 76 87 80 77 44 10 84 37 29 80 85 99 4 28 88 
95 55 69 45 92 76 16 86 73 93 38 2 84 48 8 88 15 60 34 97 9 42 36 7 74 19 23 35 81 60 
69 5 75 87 66 64 43 31 74 16 0 29 9 93 18 42 93 6 31 75 83 36 44 49 63 58 55 38 69 30 
32 10 35 39 26 25 21 66 74 91 30 70 29 48 1 60 66 49 66 30 45 40 63 98 51 69 61 5 16 63 
1 89 15 7 65 91 93 15 46 94 47 88 1 24 86 41 52 78 53 79 86 34 64 61 99 82 31 37 63 89 
55 52 17 81 71 91 35 55 15 67 69 45 42 42 93 8 84 73 54 4 96 70 26 2 17 68 53 58 13 14 
62 21 55 75 11 44 14 48 42 43 80 18 92 99 49 90 51 94 84 92 35 94 76 18 10 12 71 94 41 70 
38 10 19 95 0 34 80 67 88 29 91 10 76 93 95 36 50 40 90 11 40 50 36 37 57 87 68 32 97 81 
16 32 81 26 96 80 74 35 64 71 66 31 0 6 76 36 95 91 11 19 20 3 72 78 69 75 97 77 96 64 
48 93 84 48 99 53 33 33 28 1 2 78 84 96 64 48 52 81 80 92 91 79 79 10 17 44 40 43 28 43 
62 77 88 98 9 18 70 11 77 97 77 19 39 15 87 72 2 23 18 44 91 76 21 42 9 25 46 70 90 71 
80 58 80 37 19 5 30 97 5 96 58 75 11 40 83 19 74 9 10 7 69 4 39 25 51 7 50 17 82 20 
68 6 13 35 19 3 77 40 10 92 46 50 24 13 93 39 32 68 6 39 7 67 20 18 99 80 10 85 19 61 
77 32 64 4 61 49 72 12 3 23 99 6 98 81 39 35 6 36 69 98 97 70 16 54 28 30 94 75 15 94 
35 48 11 78 16 11 92 82 94 72 38 8 4 55 69 23 90 53 65 60 39 66 52 22 91 48 91 20 70 96 
15 18 35 45 45 43 32 75 98 56 1 15 27 75 91 29 2 82 97 75 99 66 66 20 19 52 38 34 50 17 
37 13 32 47 0 25 78 27 29 40 73 78 19 33 30 24 11 34 58 11 1 47 89 14 10 9 44 28 64 63 
76 29 19 95 29 83 5 8 7 73 39 36 2 24 78 76 82 44 44 72 28 6 59 23 81 6 80 50 4 63 
67 37 97 21 56 41 53 92 92 31 41 34 25 51 41 98 2 75 51 98 83 27 1 92 25 15 31 49 39 57 
0 29 82 14 68 37 56 47 23 43 99 83 18 54 90 31 61 18 13 75 25 43 27 72 50 58 55 33 48 87 
85 76 38 31 46 10 65 39 63 54 39 49 73 91 84 84 10 31 59 12 4 43 80 99 50 66 77 97 14 98 
54 29 70 61 93 67 27 93 2 56 42 61 85 95 97 28 19 65 69 11 53 54 47 89 50 87 1 89 2 22 
27 70 70 69 64 75 14 81 21 68 59 40 29 7 79 4 30 37 98 72 0 34 85 78 8 60 29 34 19 21 
57 74 36 59 0 39 49 67 9 47 98 80 89 94 13 14 5 20 2 18 42 93 76 64 89 43 34 67 14 10 
51 65 83 36 53 2 2 94 97 59 84 8 87 12 50 25 92 4 39 91 27 1 29 51 37 99 81 46 8 98 
70 76 76 81 80 85 56 84 22 70 30 43 9 37 77 2 83 4 51 45 93 95 63 19 54 52 66 28 99 42 
30
67 33 98 97 31 40 54 79 87 72 8 20 82 35 67 47 78 31 22 41 0 8 54 49 80 43 46 77 21 94 
12 23 29 73 16 7 54 68 57 68 22 58 74 1 7 51 34 76 21 97 64 24 17 66 32 95 63 18 77 65 
64 81 48 51 17 98 64 56 31 97 63 2 98 50 56 88 28 44 40 30 71 32 34 12 46 24 95 23 89 88 
44 43 10 16 76 28 93 94 48 80 1 58 35 80 72 18 51 29 57 47 98 96 95 43 76 61 66 59 77 51 
32 4 12 68 76 14 60 73 92 83 62 50 44 13 37 3 40 1 9 68 57 72 69 6 91 36 26 56 95 67 
66 29 65 85 35 38 61 50 18 13 85 64 9 0 82 74 55 50 71 98 34 8 79 60 55 57 79 46 26 12 
33 54 51 95 31 25 45 72 67 73 56 42 17 87 77 2 61 76 68 91 54 48 99 79 92 33 76 41 13 87 
59 71 28 64 11 81 6 17 95 20 99 42 3 89 5 79 57 11 74 91 28 20 33 55 48 24 74 49 24 10 
48 63 76 69 65 22 42 37 17 99 40 10 72 17 12 36 15 78 15 55 77 67 48 97 83 97 31 49 8 3 
66 20 25 77 7 84 22 37 38 64 80 54 46 51 14 69 41 81 70 71 45 49 36 28 54 13 66 63 44 97 
3 8 79 46 8 75 24 80 14 20 58 88 27 21 40 33 34 95 39 44 61 68 66 2 76 38 34 13 82 21 
32 3 16 35 82 63 10 34 37 35 83 58 9 35 71 30 16 38 3 45 36 39 0 48 40 50 68 6 31 56 
28 33 33 72 22 76 9 54 2 51 66 12 24 92 11 26 3 77 85 60 15 23 72 48 80 60 78 74 21 61 
58 7 34 69 95 9 9 29 60 9 87 68 14 12 96 8 98 89 40 9 15 11 35 88 12 63 32 13 82 74 
66 63 96 80 23 43 22 12 51 66 36 58 77 84 37 63 82 48 21 82 16 75 86 79 80 19 64 24 28 88 
68 38 31 42 15 10 6 38 94 45 77 7 43 25 45 99 35 71 42 93 72 37 59 5 90 37 48 47 97 50 
0 9 64 22 53 54 30 25 22 83 96 83 4 96 18 35 8 74 53 32 6 95 88 61 60 16 1 89 67 61 
60 86 59 82 31 35 72 66 57 27 71 70 16 47 49 62 26 88 90 7 40 77 93 64 15 89 42 50 29 28 
73 6 90 54 57 42 71 21 21 80 1 82 82 46 83 32 54 18 94 79 1 59 93 90 73 93 98 23 31 81 
63 71 4 7 37 2 72 65 83 79 51 42 24 28 49 18 60 96 73 76 98 0 98 16 17 51 57 63 90 15 
55 15 51 31 40 51 96 6 20 42 37 59 43 99 66 79 89 90 17 44 88 44 56 63 63 89 75 68 33 32 
0 34 59 30 16 25 83 70 81 49 86 22 54 61 19 97 91 49 57 91 16 81 8 87 2 95 84 38 67 0 
80 83 71 9 63 68 13 38 21 15 39 6 32 38 65 33 11 27 28 41 53 49 36 16 18 8 90 89 71 22 
83 27 22 88 13 52 35 37 65 10 80 21 69 75 91 40 67 49 5 80 5 77 37 8 83 88 60 57 41 83 
5 98 63 57 45 80 32 49 72 61 22 91 54 58 16 78 80 26 92 1 14 76 28 83 62 41 57 37 73 42 
56 88 33 48 86 54 29 32 61 50 76 92 16 70 19 40 0 18 81 66 25 21 39 45 16 26 20 73 55 35 
28 26 67 53 70 83 24 13 39 44 65 51 26 24 27 70 54 42 10 99 1 44 67 81 6 12 3 48 9 8 
83 49 15 35 81 39 20 9 83 99 60 51 85 59 1 51 84 28 60 77 68 95 4 36 90 61 0 74 68 67 
13 13 68 92 83 6 39 13 62 69 24 22 24 81 16 58 88 40 76 10 68 8 92 74 99 84 72 98 27 65 
28 12 93 18 26 65 23 21 65 29 22 7 2 70 12 7 78 17 62 47 66 83 98 20 4 74 18 18 58 98 
